"Dolin_Mamma_Mia_2_n" "Dolin_Roma_p" "Tkachyov_serdce_parmy_p" "Tkachyov_sery_chelovek_n"
"и" 6.941431670282 7.90598290598291 4.7741935483871 2.22222222222222
"в" 3.03687635574837 3.41880341880342 3.09677419354839 2.46913580246914
"не" 1.08459869848156 1.92307692307692 2.58064516129032 2.22222222222222
"на" 2.16919739696312 0.641025641025641 1.29032258064516 1.97530864197531
"а" 0.867678958785249 1.92307692307692 1.16129032258065 1.23456790123457
"но" 1.08459869848156 1.06837606837607 1.03225806451613 1.23456790123457
"что" 0.650759219088937 0.213675213675214 1.29032258064516 2.22222222222222
"с" 0.867678958785249 0.213675213675214 0.645161290322581 2.22222222222222
"как" 1.30151843817787 0.427350427350427 1.16129032258065 0.246913580246914
"по" 0.867678958785249 0.641025641025641 0.387096774193548 1.23456790123457
"это" 0 1.06837606837607 1.03225806451613 0.493827160493827
"его" 0.216919739696312 0.641025641025641 0.903225806451613 0.740740740740741
"из" 0.650759219088937 0.641025641025641 0.516129032258065 0.493827160493827
"он" 0 0.641025641025641 0.516129032258065 0.987654320987654
"о" 0.216919739696312 1.06837606837607 0.516129032258065 0
"только" 0.216919739696312 0.427350427350427 0.774193548387097 0
"фильм" 0.216919739696312 0.641025641025641 0.645161290322581 0
"все" 0.650759219088937 0.427350427350427 0.129032258064516 0.493827160493827
"во" 0.433839479392625 0.213675213675214 0.387096774193548 0.246913580246914
"однако" 0 0.427350427350427 0.258064516129032 0.740740740740741
"было" 0.216919739696312 0.213675213675214 0.129032258064516 0.740740740740741
"даже" 0 0.213675213675214 0.645161290322581 0
"еще" 0 0.213675213675214 0.516129032258065 0.246913580246914
"за" 0.216919739696312 0.213675213675214 0.258064516129032 0.493827160493827
"к" 0.433839479392625 0.427350427350427 0.129032258064516 0.246913580246914
"она" 0.867678958785249 0.427350427350427 0 0
"от" 0.216919739696312 0.213675213675214 0.516129032258065 0
"так" 0.216919739696312 0 0.516129032258065 0.246913580246914
"то" 0.216919739696312 0.641025641025641 0 0.493827160493827
"том" 0 0.213675213675214 0.645161290322581 0
"mamma" 1.08459869848156 0 0 0
"mia" 1.08459869848156 0 0 0
"который" 0 0.213675213675214 0.516129032258065 0
"пармы" 0 0 0.645161290322581 0
"стрип" 1.08459869848156 0 0 0
"у" 0 0 0.258064516129032 0.740740740740741
"более" 0.650759219088937 0.213675213675214 0 0
"для" 0.433839479392625 0.213675213675214 0.129032258064516 0
"до" 0 0 0.258064516129032 0.493827160493827
"другой" 0.216919739696312 0.213675213675214 0 0.493827160493827
"ее" 0.433839479392625 0.213675213675214 0.129032258064516 0
"если" 0 0.213675213675214 0 0.740740740740741
"есть" 0.216919739696312 0 0.129032258064516 0.493827160493827
"играет" 0.433839479392625 0 0 0.493827160493827
"картина" 0.433839479392625 0.427350427350427 0 0
"картину" 0.216919739696312 0.213675213675214 0.129032258064516 0.246913580246914
"кино" 0 0 0.258064516129032 0.493827160493827
"князь" 0 0 0.516129032258065 0
"когда" 0.216919739696312 0.213675213675214 0.129032258064516 0.246913580246914
"перед" 0 0.427350427350427 0 0.493827160493827
"под" 0.433839479392625 0 0.258064516129032 0
"про" 0 0 0.258064516129032 0.493827160493827
"режиссер" 0.216919739696312 0.641025641025641 0 0
"сердце" 0 0 0.516129032258065 0
"чем" 0 0.213675213675214 0.258064516129032 0.246913580246914
"чтобы" 0.216919739696312 0 0.387096774193548 0
"бы" 0 0.641025641025641 0 0
"ведь" 0.216919739696312 0.213675213675214 0.129032258064516 0
"весь" 0.433839479392625 0 0.129032258064516 0
"вообще" 0 0 0.387096774193548 0
"второй" 0.216919739696312 0 0.129032258064516 0.246913580246914
"героиня" 0 0.641025641025641 0 0
"главное" 0.216919739696312 0.213675213675214 0.129032258064516 0
"годы" 0.433839479392625 0 0 0.246913580246914
"детства" 0.216919739696312 0.427350427350427 0 0
"других" 0 0 0.258064516129032 0.246913580246914
"же" 0.216919739696312 0 0.129032258064516 0.246913580246914
"здесь" 0.433839479392625 0.213675213675214 0 0
"идет" 0.216919739696312 0.213675213675214 0 0.246913580246914
"или" 0 0.213675213675214 0.258064516129032 0
"история" 0 0.213675213675214 0.258064516129032 0
"картины" 0.433839479392625 0.213675213675214 0 0
"которой" 0.216919739696312 0 0 0.493827160493827
"кто" 0 0 0.387096774193548 0
"куарон" 0 0.641025641025641 0 0
"лет" 0.216919739696312 0.213675213675214 0.129032258064516 0
"либо" 0.216919739696312 0 0 0.493827160493827
"лучше" 0 0 0.129032258064516 0.493827160493827
"мерил" 0.650759219088937 0 0 0
"михана" 0 0 0.387096774193548 0
"можно" 0 0.427350427350427 0 0.246913580246914
"нем" 0.216919739696312 0.213675213675214 0 0.246913580246914
"один" 0.216919739696312 0.213675213675214 0.129032258064516 0
"они" 0 0.213675213675214 0.129032258064516 0.246913580246914
"особенно" 0 0 0.258064516129032 0.246913580246914
"половина" 0.433839479392625 0 0.129032258064516 0
"рим" 0 0.641025641025641 0 0
"спустя" 0.216919739696312 0 0.129032258064516 0.246913580246914
"сразу" 0.216919739696312 0 0.129032258064516 0.246913580246914
"стороны" 0 0.213675213675214 0.129032258064516 0.246913580246914
"теперь" 0.433839479392625 0 0.129032258064516 0
"фильма" 0.216919739696312 0 0.258064516129032 0
"фэнтези" 0 0 0.387096774193548 0
"хуже" 0.216919739696312 0.213675213675214 0 0.246913580246914
"человек" 0.216919739696312 0 0 0.493827160493827
"этом" 0 0.427350427350427 0.129032258064516 0
"abba" 0.433839479392625 0 0 0
"авторы" 0.216919739696312 0 0.129032258064516 0
"александр" 0 0 0.258064516129032 0
"алексея" 0 0 0.258064516129032 0
"альфонсо" 0 0.427350427350427 0 0
"антон" 0.216919739696312 0.213675213675214 0 0
"армас" 0 0 0 0.493827160493827
"больше" 0.216919739696312 0 0.129032258064516 0
"будет" 0 0.213675213675214 0.129032258064516 0
"будут" 0.216919739696312 0 0.129032258064516 0
"важнее" 0 0.427350427350427 0 0
"вам" 0 0 0 0.493827160493827
"вестей" 0.216919739696312 0.213675213675214 0 0
"вогулов" 0 0 0.258064516129032 0
"впрочем" 0.216919739696312 0 0.129032258064516 0
"время" 0 0 0.129032258064516 0.246913580246914
"вы" 0 0 0.129032258064516 0.246913580246914
"выжить" 0 0.213675213675214 0.129032258064516 0
"выступает" 0 0 0.258064516129032 0
"высшей" 0 0.427350427350427 0 0
"выходит" 0.216919739696312 0 0.129032258064516 0
"гарсиа" 0.433839479392625 0 0 0
"где" 0.216919739696312 0.213675213675214 0 0
"главная" 0.216919739696312 0.213675213675214 0 0
"главных" 0 0.213675213675214 0.129032258064516 0
"го" 0 0 0.129032258064516 0.246913580246914
"гослинга" 0 0 0 0.493827160493827
"готовится" 0.433839479392625 0 0 0
"гравитации" 0 0.427350427350427 0 0
"де" 0 0 0 0.493827160493827
"детей" 0 0.213675213675214 0.129032258064516 0
"долго" 0 0.213675213675214 0.129032258064516 0
"долин" 0.216919739696312 0.213675213675214 0 0
"дочь" 0.433839479392625 0 0 0
"ей" 0.433839479392625 0 0 0
"ермолая" 0 0 0.258064516129032 0
"звезды" 0.216919739696312 0 0 0.246913580246914
"зрители" 0.433839479392625 0 0 0
"зрителя" 0.216919739696312 0.213675213675214 0 0
"иванова" 0 0 0.258064516129032 0
"кажется" 0.216919739696312 0 0.129032258064516 0
"категории" 0 0 0 0.493827160493827
"кинообозреватель" 0.216919739696312 0.213675213675214 0 0
"клео" 0 0.427350427350427 0 0
"князю" 0 0 0.258064516129032 0
"колония" 0 0.427350427350427 0 0
"кому" 0 0.213675213675214 0.129032258064516 0
"конечно" 0 0.213675213675214 0.129032258064516 0
"которого" 0 0.213675213675214 0.129032258064516 0
"которое" 0 0 0.129032258064516 0.246913580246914
"куарона" 0 0.427350427350427 0 0
"куда" 0 0.213675213675214 0.129032258064516 0
"кузнецов" 0 0 0.258064516129032 0
"ллойд" 0.433839479392625 0 0 0
"любви" 0 0.213675213675214 0.129032258064516 0
"мама" 0.216919739696312 0.213675213675214 0 0
"мир" 0.216919739696312 0 0.129032258064516 0
"много" 0 0 0.129032258064516 0.246913580246914
"может" 0 0.213675213675214 0.129032258064516 0
"мстителе" 0 0 0 0.493827160493827
"мстители" 0 0 0 0.493827160493827
"мужчины" 0 0.213675213675214 0.129032258064516 0
"нами" 0 0.427350427350427 0 0
"него" 0 0 0.129032258064516 0.246913580246914
"несколько" 0 0.213675213675214 0.129032258064516 0
"нет" 0.433839479392625 0 0 0
"ни" 0 0 0.258064516129032 0
"нибудь" 0 0 0.129032258064516 0.246913580246914
"ниже" 0 0 0.258064516129032 0
"ничего" 0 0 0 0.493827160493827
"ничуть" 0.216919739696312 0.213675213675214 0 0
"об" 0.216919739696312 0 0.129032258064516 0
"одной" 0 0.213675213675214 0 0.246913580246914
"оказывается" 0 0 0.258064516129032 0
"особо" 0 0 0.129032258064516 0.246913580246914
"отличие" 0.216919739696312 0.213675213675214 0 0
"отца" 0.216919739696312 0 0.129032258064516 0
"отцов" 0.433839479392625 0 0 0
"ощущение" 0 0 0.129032258064516 0.246913580246914
"первой" 0.216919739696312 0 0.129032258064516 0
"первом" 0 0 0 0.493827160493827
"первый" 0 0.213675213675214 0.129032258064516 0
"песни" 0.433839479392625 0 0 0
"песнях" 0.433839479392625 0 0 0
"поет" 0.433839479392625 0 0 0
"после" 0.433839479392625 0 0 0
"посмотрите" 0 0 0 0.493827160493827
"потом" 0.216919739696312 0.213675213675214 0 0
"почти" 0.216919739696312 0 0.129032258064516 0
"примерно" 0.216919739696312 0 0 0.246913580246914
"приходится" 0 0 0.258064516129032 0
"происходит" 0 0 0.258064516129032 0
"происходящее" 0 0.427350427350427 0 0
"просто" 0 0.213675213675214 0 0.246913580246914
"пытается" 0 0 0.129032258064516 0.246913580246914
"работа" 0 0.213675213675214 0.129032258064516 0
"ради" 0 0 0.258064516129032 0
"риму" 0 0.427350427350427 0 0
"романа" 0.216919739696312 0 0.129032258064516 0
"рысь" 0 0 0.258064516129032 0
"своего" 0 0.213675213675214 0 0.246913580246914
"свои" 0 0.213675213675214 0.129032258064516 0
"свою" 0 0.213675213675214 0.129032258064516 0
"себе" 0.433839479392625 0 0 0
"семьи" 0 0.427350427350427 0 0
"серый" 0 0 0 0.493827160493827
"силу" 0 0.213675213675214 0.129032258064516 0
"следу" 0 0 0 0.493827160493827
"смотреть" 0 0 0.129032258064516 0.246913580246914
"сначала" 0.216919739696312 0 0.129032258064516 0
"со" 0 0 0.258064516129032 0
"совсем" 0 0 0.129032258064516 0.246913580246914
"софи" 0.433839479392625 0 0 0
"союз" 0 0 0.258064516129032 0
"способной" 0 0.213675213675214 0.129032258064516 0
"сработает" 0 0 0.258064516129032 0
"степени" 0 0.427350427350427 0 0
"стоили" 0 0 0 0.493827160493827
"стоило" 0 0.213675213675214 0.129032258064516 0
"стоит" 0 0 0 0.493827160493827
"стриминг" 0 0 0 0.493827160493827
"сценарист" 0.216919739696312 0.213675213675214 0 0
"съемки" 0 0 0 0.493827160493827
"сьерра" 0 0 0 0.493827160493827
"сюжет" 0.433839479392625 0 0 0
"таки" 0.433839479392625 0 0 0
"такое" 0 0.213675213675214 0.129032258064516 0
"тем" 0.216919739696312 0.213675213675214 0 0
"тиче" 0 0 0.258064516129032 0
"тогда" 0.216919739696312 0 0 0.246913580246914
"трех" 0.433839479392625 0 0 0
"увидеть" 0 0 0 0.493827160493827
"уже" 0 0 0.129032258064516 0.246913580246914
"учит" 0 0 0.258064516129032 0
"ушла" 0.216919739696312 0.213675213675214 0 0
"фильмом" 0 0.213675213675214 0 0.246913580246914
"фильмы" 0 0.213675213675214 0 0.246913580246914
"фм" 0.216919739696312 0.213675213675214 0 0
"хватает" 0.216919739696312 0 0.129032258064516 0
"хотите" 0 0 0 0.493827160493827
"части" 0 0.427350427350427 0 0
"шер" 0.433839479392625 0 0 0
"эванс" 0 0 0 0.493827160493827
"энди" 0.433839479392625 0 0 0
"эпизодов" 0.216919739696312 0.213675213675214 0 0
"этой" 0 0 0.258064516129032 0
"cgi" 0 0 0.129032258064516 0
"dancing" 0.216919739696312 0 0 0
"iii" 0 0 0.129032258064516 0
"queen" 0.216919739696312 0 0 0
"vhs" 0 0 0 0.246913580246914
"xv" 0 0 0.129032258064516 0
"автоматически" 0 0 0 0.246913580246914
"актерской" 0.216919739696312 0 0 0
"актрисе" 0.216919739696312 0 0 0
"актрисой" 0 0.213675213675214 0 0
"актуальный" 0 0.213675213675214 0 0
"аманда" 0.216919739696312 0 0 0
"американских" 0.216919739696312 0 0 0
"америку" 0 0 0 0.246913580246914
"ана" 0 0 0 0.246913580246914
"андрея" 0 0 0.129032258064516 0
"антиподу" 0 0.213675213675214 0 0
"антона" 0 0 0.129032258064516 0
"артистке" 0 0 0.129032258064516 0
"астрономических" 0 0 0 0.246913580246914
"асыка" 0 0 0.129032258064516 0
"аттракцион" 0 0 0.129032258064516 0
"б" 0 0 0 0.246913580246914
"бабой" 0 0 0.129032258064516 0
"бабушка" 0 0.213675213675214 0 0
"бабушки" 0.216919739696312 0 0 0
"бадди" 0 0 0 0.246913580246914
"барского" 0 0 0 0.246913580246914
"бастардов" 0 0 0.129032258064516 0
"баттерс" 0 0 0 0.246913580246914
"бега" 0 0 0 0.246913580246914
"бегущего" 0 0 0 0.246913580246914
"безмолвная" 0 0.213675213675214 0 0
"безнадежно" 0 0 0.129032258064516 0
"безоговорочно" 0.216919739696312 0 0 0
"безумно" 0 0.213675213675214 0 0
"безупречное" 0 0.213675213675214 0 0
"безуспешно" 0 0 0.129032258064516 0
"белобородов" 0 0 0.129032258064516 0
"белом" 0.216919739696312 0 0 0
"белый" 0 0.213675213675214 0 0
"бескомпромиссное" 0 0.213675213675214 0 0
"бесконечности" 0 0 0 0.246913580246914
"бесконечные" 0 0 0 0.246913580246914
"билли" 0 0 0 0.246913580246914
"битва" 0 0 0.129032258064516 0
"битве" 0 0 0.129032258064516 0
"битвы" 0 0 0.129032258064516 0
"бледнее" 0.216919739696312 0 0 0
"близкий" 0 0.213675213675214 0 0
"блэка" 0 0 0 0.246913580246914
"боб" 0 0 0 0.246913580246914
"богатый" 0 0 0.129032258064516 0
"боевик" 0 0 0.129032258064516 0
"боевиков" 0 0 0 0.246913580246914
"боевом" 0 0 0.129032258064516 0
"бой" 0 0 0.129032258064516 0
"боком" 0 0 0 0.246913580246914
"бондарчук" 0 0 0.129032258064516 0
"бонусом" 0.216919739696312 0 0 0
"бород" 0 0 0.129032258064516 0
"босса" 0 0 0 0.246913580246914
"браво" 0.216919739696312 0 0 0
"брак" 0 0 0.129032258064516 0
"братьев" 0 0 0 0.246913580246914
"британо" 0.216919739696312 0 0 0
"броснан" 0.216919739696312 0 0 0
"будничную" 0 0.213675213675214 0 0
"будущем" 0 0.213675213675214 0 0
"будьте" 0 0 0.129032258064516 0
"был" 0 0 0.129032258064516 0
"быть" 0 0.213675213675214 0 0
"бэшек" 0 0 0 0.246913580246914
"бэя" 0 0 0 0.246913580246914
"бюджеты" 0 0 0 0.246913580246914
"важное" 0.216919739696312 0 0 0
"валентин" 0 0 0.129032258064516 0
"варвара" 0 0 0.129032258064516 0
"вариант" 0 0 0 0.246913580246914
"варианта" 0 0 0 0.246913580246914
"варяг" 0 0 0.129032258064516 0
"вас" 0 0 0.129032258064516 0
"вверх" 0 0 0.129032258064516 0
"вдруг" 0 0.213675213675214 0 0
"вдумчиво" 0 0.213675213675214 0 0
"ведет" 0 0 0.129032258064516 0
"ведьмами" 0 0 0.129032258064516 0
"ведьмой" 0 0 0.129032258064516 0
"века" 0 0 0.129032258064516 0
"великий" 0 0 0.129032258064516 0
"великой" 0.216919739696312 0 0 0
"венецианский" 0 0.213675213675214 0 0
"венеции" 0 0.213675213675214 0 0
"вероятно" 0.216919739696312 0 0 0
"взросления" 0 0.213675213675214 0 0
"вид" 0 0 0.129032258064516 0
"видеосервиса" 0 0 0 0.246913580246914
"видимо" 0.216919739696312 0 0 0
"викинг" 0 0 0.129032258064516 0
"вильнева" 0 0 0 0.246913580246914
"включенная" 0 0.213675213675214 0 0
"владения" 0 0 0.129032258064516 0
"властелина" 0 0 0.129032258064516 0
"власти" 0 0 0.129032258064516 0
"вменяемая" 0 0 0 0.246913580246914
"вместо" 0 0 0 0.246913580246914
"вне" 0 0 0.129032258064516 0
"внемлет" 0 0 0.129032258064516 0
"вновь" 0.216919739696312 0 0 0
"внятная" 0 0.213675213675214 0 0
"вовлекает" 0 0.213675213675214 0 0
"вогулом" 0 0 0.129032258064516 0
"воеводе" 0 0 0.129032258064516 0
"возглавляет" 0 0.213675213675214 0 0
"возлюбленной" 0 0 0.129032258064516 0
"возможным" 0 0 0.129032258064516 0
"возможных" 0.216919739696312 0 0 0
"война" 0 0 0 0.246913580246914
"войне" 0 0 0 0.246913580246914
"войны" 0 0 0.129032258064516 0
"войска" 0 0 0.129032258064516 0
"войском" 0 0 0.129032258064516 0
"волшебные" 0 0 0.129032258064516 0
"вон" 0 0 0 0.246913580246914
"ворвется" 0 0 0.129032258064516 0
"воспоминания" 0 0.213675213675214 0 0
"воспринималась" 0.216919739696312 0 0 0
"вот" 0.216919739696312 0 0 0
"впервые" 0.216919739696312 0 0 0
"врагов" 0 0 0.129032258064516 0
"времена" 0 0 0.129032258064516 0
"вроде" 0 0 0 0.246913580246914
"всегда" 0 0 0.129032258064516 0
"всего" 0.216919739696312 0 0 0
"всем" 0 0 0.129032258064516 0
"всех" 0 0 0.129032258064516 0
"встает" 0 0 0.129032258064516 0
"встречали" 0 0.213675213675214 0 0
"встречающую" 0.216919739696312 0 0 0
"вся" 0 0 0.129032258064516 0
"всякий" 0 0 0.129032258064516 0
"всякое" 0 0 0.129032258064516 0
"вторая" 0 0 0.129032258064516 0
"второго" 0.216919739696312 0 0 0
"второе" 0.216919739696312 0 0 0
"вторых" 0.216919739696312 0 0 0
"выбрал" 0 0 0 0.246913580246914
"выделена" 0 0 0.129032258064516 0
"выделил" 0 0 0 0.246913580246914
"вызывает" 0 0 0 0.246913580246914
"выйдет" 0 0 0 0.246913580246914
"выйти" 0 0 0 0.246913580246914
"выкупила" 0.216919739696312 0 0 0
"выполнения" 0 0 0 0.246913580246914
"вырос" 0 0.213675213675214 0 0
"выросший" 0 0 0.129032258064516 0
"выступил" 0 0.213675213675214 0 0
"выходили" 0 0 0 0.246913580246914
"гарри" 0 0.213675213675214 0 0
"гениальный" 0 0.213675213675214 0 0
"героев" 0 0 0.129032258064516 0
"герои" 0.216919739696312 0 0 0
"героине" 0.216919739696312 0 0 0
"героини" 0.216919739696312 0 0 0
"героического" 0 0 0 0.246913580246914
"герой" 0 0 0 0.246913580246914
"гильермо" 0 0.213675213675214 0 0
"главные" 0.216919739696312 0 0 0
"глазами" 0 0.213675213675214 0 0
"глубоко" 0 0.213675213675214 0 0
"глуп" 0 0 0.129032258064516 0
"гляньте" 0 0 0 0.246913580246914
"говорим" 0 0 0 0.246913580246914
"год" 0 0 0.129032258064516 0
"году" 0 0.213675213675214 0 0
"голая" 0 0 0.129032258064516 0
"гораздо" 0 0.213675213675214 0 0
"горбатов" 0 0 0.129032258064516 0
"гослинг" 0 0 0 0.246913580246914
"гослингом" 0 0 0 0.246913580246914
"госпожу" 0.216919739696312 0 0 0
"гостиницы" 0.216919739696312 0 0 0
"государства" 0 0 0.129032258064516 0
"готовы" 0 0 0.129032258064516 0
"гравитация" 0 0.213675213675214 0 0
"грандиозной" 0 0 0.129032258064516 0
"границ" 0 0 0 0.246913580246914
"греции" 0.216919739696312 0 0 0
"греческого" 0.216919739696312 0 0 0
"греческом" 0.216919739696312 0 0 0
"группы" 0.216919739696312 0 0 0
"давно" 0 0 0 0.246913580246914
"дайте" 0 0 0.129032258064516 0
"далеких" 0 0.213675213675214 0 0
"далекой" 0 0.213675213675214 0 0
"дань" 0 0 0.129032258064516 0
"двести" 0 0 0 0.246913580246914
"движение" 0 0 0.129032258064516 0
"двое" 0.216919739696312 0 0 0
"дебютанткой" 0 0.213675213675214 0 0
"девушкой" 0 0 0 0.246913580246914
"действия" 0.216919739696312 0 0 0
"действо" 0.216919739696312 0 0 0
"делать" 0 0.213675213675214 0 0
"деле" 0 0 0 0.246913580246914
"дело" 0 0 0.129032258064516 0
"дель" 0 0.213675213675214 0 0
"демократичная" 0 0.213675213675214 0 0
"дени" 0 0 0 0.246913580246914
"деревенская" 0 0.213675213675214 0 0
"детские" 0 0.213675213675214 0 0
"детстве" 0 0.213675213675214 0 0
"детям" 0 0.213675213675214 0 0
"джеймс" 0.216919739696312 0 0 0
"джентри" 0 0 0 0.246913580246914
"джессики" 0 0 0 0.246913580246914
"джона" 0 0 0.129032258064516 0
"джулия" 0 0 0 0.246913580246914
"дилогии" 0.216919739696312 0 0 0
"дипломатические" 0 0 0.129032258064516 0
"дичь" 0 0 0 0.246913580246914
"дни" 0 0.213675213675214 0 0
"добрососедскими" 0 0 0.129032258064516 0
"доказал" 0 0 0.129032258064516 0
"должен" 0 0 0 0.246913580246914
"долларов" 0 0 0 0.246913580246914
"дом" 0 0 0.129032258064516 0
"дома" 0 0.213675213675214 0 0
"донну" 0.216919739696312 0 0 0
"донны" 0.216919739696312 0 0 0
"дорогим" 0 0 0 0.246913580246914
"достоинство" 0 0 0.129032258064516 0
"дочку" 0.216919739696312 0 0 0
"дошкольник" 0 0.213675213675214 0 0
"дракона" 0 0 0.129032258064516 0
"драма" 0 0 0.129032258064516 0
"драматургический" 0 0 0.129032258064516 0
"драму" 0 0.213675213675214 0 0
"дрона" 0 0 0 0.246913580246914
"дронов" 0 0 0 0.246913580246914
"друг" 0 0.213675213675214 0 0
"дружеские" 0 0 0 0.246913580246914
"дружными" 0 0.213675213675214 0 0
"дух" 0 0 0.129032258064516 0
"дуэт" 0 0 0 0.246913580246914
"е" 0 0 0 0.246913580246914
"евгений" 0 0 0.129032258064516 0
"елена" 0 0 0.129032258064516 0
"ему" 0 0 0.129032258064516 0
"епископ" 0 0 0.129032258064516 0
"ербакова" 0 0 0.129032258064516 0
"ербаковой" 0 0 0.129032258064516 0
"ермолай" 0 0 0.129032258064516 0
"жана" 0 0 0 0.246913580246914
"жанр" 0 0 0.129032258064516 0
"жанре" 0 0 0.129032258064516 0
"желаете" 0 0 0 0.246913580246914
"желающего" 0 0 0.129032258064516 0
"женится" 0 0 0.129032258064516 0
"женщин" 0 0 0.129032258064516 0
"женщине" 0 0.213675213675214 0 0
"женщины" 0 0 0.129032258064516 0
"жестокое" 0 0 0.129032258064516 0
"живущие" 0 0 0.129032258064516 0
"жизни" 0 0.213675213675214 0 0
"жизнь" 0 0.213675213675214 0 0
"жить" 0 0 0.129032258064516 0
"жюри" 0 0.213675213675214 0 0
"забудете" 0 0 0.129032258064516 0
"завязались" 0 0 0 0.246913580246914
"завязку" 0 0 0.129032258064516 0
"задания" 0 0 0 0.246913580246914
"задача" 0 0 0 0.246913580246914
"заключают" 0 0 0.129032258064516 0
"закона" 0 0 0.129032258064516 0
"замечательно" 0.216919739696312 0 0 0
"замечательной" 0 0 0.129032258064516 0
"замирает" 0 0 0.129032258064516 0
"замыслу" 0 0.213675213675214 0 0
"занавес" 0.216919739696312 0 0 0
"записано" 0 0 0 0.246913580246914
"запихать" 0 0 0.129032258064516 0
"зарвавшемуся" 0 0 0.129032258064516 0
"затем" 0 0 0.129032258064516 0
"зато" 0.216919739696312 0 0 0
"захватывающее" 0 0 0.129032258064516 0
"звезда" 0.216919739696312 0 0 0
"звука" 0 0.213675213675214 0 0
"зевоту" 0 0 0 0.246913580246914
"земле" 0 0.213675213675214 0 0
"землю" 0 0 0.129032258064516 0
"знает" 0 0 0 0.246913580246914
"знакомые" 0.216919739696312 0 0 0
"значимое" 0.216919739696312 0 0 0
"зовется" 0 0 0.129032258064516 0
"золотого" 0 0.213675213675214 0 0
"золотой" 0 0 0.129032258064516 0
"золушка" 0.216919739696312 0 0 0
"зрелищный" 0 0 0.129032258064516 0
"зритель" 0 0 0.129032258064516 0
"иван" 0 0 0.129032258064516 0
"играли" 0.216919739696312 0 0 0
"игры" 0 0 0.129032258064516 0
"идола" 0 0 0.129032258064516 0
"идут" 0 0 0.129032258064516 0
"известная" 0 0.213675213675214 0 0
"известно" 0 0 0 0.246913580246914
"известный" 0.216919739696312 0 0 0
"известных" 0 0 0.129032258064516 0
"изменилось" 0.216919739696312 0 0 0
"изображения" 0 0.213675213675214 0 0
"изобретательное" 0 0.213675213675214 0 0
"изумительно" 0 0.213675213675214 0 0
"имени" 0 0 0.129032258064516 0
"именно" 0.216919739696312 0 0 0
"империализма" 0 0 0.129032258064516 0
"империи" 0 0 0.129032258064516 0
"импозантный" 0.216919739696312 0 0 0
"имя" 0 0 0 0.246913580246914
"иначе" 0 0 0.129032258064516 0
"иноверке" 0 0 0.129032258064516 0
"иной" 0.216919739696312 0 0 0
"иными" 0 0 0.129032258064516 0
"иона" 0 0 0.129032258064516 0
"ипостаси" 0 0 0.129032258064516 0
"искусства" 0 0.213675213675214 0 0
"исполнению" 0 0.213675213675214 0 0
"итоге" 0 0 0.129032258064516 0
"их" 0 0.213675213675214 0 0
"кавалеров" 0.216919739696312 0 0 0
"кадр" 0 0.213675213675214 0 0
"казаться" 0 0.213675213675214 0 0
"какой" 0.216919739696312 0 0 0
"капитана" 0 0 0 0.246913580246914
"катастрофа" 0 0 0.129032258064516 0
"катастрофу" 0 0.213675213675214 0 0
"качествах" 0 0.213675213675214 0 0
"квартета" 0.216919739696312 0 0 0
"кем" 0 0 0.129032258064516 0
"киллера" 0 0 0 0.246913580246914
"киллером" 0 0 0 0.246913580246914
"кинематографисты" 0 0 0.129032258064516 0
"кинофестиваля" 0 0 0.129032258064516 0
"киношную" 0 0 0.129032258064516 0
"клэр" 0 0 0 0.246913580246914
"княжит" 0 0 0.129032258064516 0
"князя" 0 0 0.129032258064516 0
"кодовое" 0 0 0 0.246913580246914
"колец" 0 0 0.129032258064516 0
"колин" 0.216919739696312 0 0 0
"коловрате" 0 0 0.129032258064516 0
"колониализма" 0 0 0.129032258064516 0
"колорита" 0.216919739696312 0 0 0
"кольца" 0 0 0.129032258064516 0
"конана" 0 0 0.129032258064516 0
"кондовые" 0 0 0.129032258064516 0
"копье" 0 0 0.129032258064516 0
"короля" 0 0 0.129032258064516 0
"которая" 0 0 0.129032258064516 0
"которую" 0.216919739696312 0 0 0
"которые" 0 0.213675213675214 0 0
"которым" 0 0 0 0.246913580246914
"кравчука" 0 0 0.129032258064516 0
"красавицу" 0.216919739696312 0 0 0
"крепость" 0 0 0.129032258064516 0
"крестить" 0 0 0.129032258064516 0
"крестного" 0.216919739696312 0 0 0
"крещение" 0 0 0.129032258064516 0
"кризиса" 0 0 0 0.246913580246914
"кринжа" 0 0 0.129032258064516 0
"крис" 0 0 0 0.246913580246914
"кристофером" 0 0 0 0.246913580246914
"кровью" 0 0 0.129032258064516 0
"круче" 0 0 0.129032258064516 0
"кстати" 0 0 0.129032258064516 0
"кузнецова" 0 0 0.129032258064516 0
"курта" 0 0 0 0.246913580246914
"куртом" 0 0 0 0.246913580246914
"ламбертом" 0 0 0 0.246913580246914
"ламией" 0 0 0.129032258064516 0
"легенда" 0 0 0.129032258064516 0
"лезвию" 0 0 0 0.246913580246914
"летний" 0 0.213675213675214 0 0
"ли" 0 0 0.129032258064516 0
"лили" 0.216919739696312 0 0 0
"лице" 0 0 0 0.246913580246914
"лишенной" 0.216919739696312 0 0 0
"лишним" 0 0 0.129032258064516 0
"лишь" 0 0 0 0.246913580246914
"лосе" 0 0 0.129032258064516 0
"лучших" 0 0 0.129032258064516 0
"льва" 0 0.213675213675214 0 0
"любецки" 0 0.213675213675214 0 0
"любом" 0.216919739696312 0 0 0
"люди" 0 0 0.129032258064516 0
"магии" 0 0 0.129032258064516 0
"мажорной" 0.216919739696312 0 0 0
"майкла" 0 0 0 0.246913580246914
"мамаша" 0.216919739696312 0 0 0
"маме" 0.216919739696312 0 0 0
"манси" 0 0 0.129032258064516 0
"мать" 0 0.213675213675214 0 0
"маячила" 0 0 0 0.246913580246914
"мебелью" 0 0.213675213675214 0 0
"мегердичев" 0 0 0.129032258064516 0
"мегердичева" 0 0 0.129032258064516 0
"международного" 0 0 0.129032258064516 0
"мексиканского" 0 0.213675213675214 0 0
"мексиканском" 0 0.213675213675214 0 0
"мексике" 0 0.213675213675214 0 0
"менее" 0 0 0.129032258064516 0
"мертворожденное" 0 0 0 0.246913580246914
"месте" 0.216919739696312 0 0 0
"местное" 0 0 0.129032258064516 0
"метро" 0 0 0.129032258064516 0
"мехико" 0 0.213675213675214 0 0
"меч" 0 0 0.129032258064516 0
"меча" 0 0 0.129032258064516 0
"мечом" 0 0 0.129032258064516 0
"милена" 0 0 0.129032258064516 0
"миллионов" 0 0 0 0.246913580246914
"миллионы" 0 0 0 0.246913580246914
"мирными" 0 0 0.129032258064516 0
"миронов" 0 0 0.129032258064516 0
"михаил" 0 0 0.129032258064516 0
"михаила" 0 0 0.129032258064516 0
"михаилу" 0 0 0.129032258064516 0
"михан" 0 0 0.129032258064516 0
"младший" 0 0.213675213675214 0 0
"многим" 0.216919739696312 0 0 0
"многолюдный" 0 0.213675213675214 0 0
"многому" 0 0 0.129032258064516 0
"молодой" 0 0.213675213675214 0 0
"монтажа" 0 0 0.129032258064516 0
"москве" 0 0 0.129032258064516 0
"москвы" 0 0 0.129032258064516 0
"московиты" 0 0 0.129032258064516 0
"московский" 0 0 0.129032258064516 0
"московского" 0 0 0.129032258064516 0
"мстит" 0 0 0.129032258064516 0
"муви" 0 0 0 0.246913580246914
"мы" 0 0 0 0.246913580246914
"мэриголд" 0.216919739696312 0 0 0
"мюзикл" 0.216919739696312 0 0 0
"мюзикле" 0.216919739696312 0 0 0
"наблюдательница" 0 0.213675213675214 0 0
"наверняка" 0 0.213675213675214 0 0
"надежде" 0 0 0.129032258064516 0
"наемник" 0 0 0 0.246913580246914
"назад" 0 0.213675213675214 0 0
"называет" 0 0 0.129032258064516 0
"найдет" 0 0.213675213675214 0 0
"найти" 0 0 0 0.246913580246914
"накладных" 0 0 0.129032258064516 0
"наниматели" 0 0 0 0.246913580246914
"наполнивший" 0 0.213675213675214 0 0
"напоминающая" 0 0 0.129032258064516 0
"напомнить" 0 0 0.129032258064516 0
"народностей" 0 0 0.129032258064516 0
"насадит" 0 0 0.129032258064516 0
"население" 0 0 0.129032258064516 0
"насладиться" 0 0 0 0.246913580246914
"наснимать" 0 0 0 0.246913580246914
"настала" 0 0 0.129032258064516 0
"настойчиво" 0 0 0 0.246913580246914
"настоящее" 0 0 0.129032258064516 0
"настоящей" 0 0 0 0.246913580246914
"настоящему" 0 0 0 0.246913580246914
"наташа" 0.216919739696312 0 0 0
"начнем" 0 0 0.129032258064516 0
"наши" 0 0 0.129032258064516 0
"нашумевшей" 0 0.213675213675214 0 0
"небольших" 0.216919739696312 0 0 0
"невероятном" 0 0 0.129032258064516 0
"невзирая" 0.216919739696312 0 0 0
"неглупое" 0 0 0.129032258064516 0
"недавнего" 0 0 0.129032258064516 0
"недавних" 0.216919739696312 0 0 0
"недаром" 0.216919739696312 0 0 0
"нежно" 0 0.213675213675214 0 0
"неинтересно" 0 0.213675213675214 0 0
"нелепый" 0 0 0.129032258064516 0
"немалой" 0.216919739696312 0 0 0
"немногое" 0.216919739696312 0 0 0
"нему" 0 0 0 0.246913580246914
"неплохой" 0 0 0.129032258064516 0
"непонятно" 0 0.213675213675214 0 0
"неприятного" 0 0 0.129032258064516 0
"неприятной" 0 0 0.129032258064516 0
"непростые" 0 0 0.129032258064516 0
"непрофессиональной" 0 0.213675213675214 0 0
"неразумно" 0 0.213675213675214 0 0
"нервничает" 0.216919739696312 0 0 0
"нескольких" 0 0 0.129032258064516 0
"нескончаемыми" 0 0.213675213675214 0 0
"нетфликс" 0 0 0 0.246913580246914
"нетфликса" 0 0 0 0.246913580246914
"неудивительно" 0 0.213675213675214 0 0
"них" 0 0 0 0.246913580246914
"новаторское" 0 0.213675213675214 0 0
"новая" 0 0 0.129032258064516 0
"новизны" 0.216919739696312 0 0 0
"новые" 0.216919739696312 0 0 0
"нон" 0 0 0.129032258064516 0
"нраву" 0 0 0.129032258064516 0
"ну" 0.216919739696312 0 0 0
"ныне" 0 0 0.129032258064516 0
"нынешней" 0 0.213675213675214 0 0
"няня" 0 0.213675213675214 0 0
"обе" 0 0.213675213675214 0 0
"обнажать" 0 0 0.129032258064516 0
"образа" 0 0 0 0.246913580246914
"обстоит" 0 0 0 0.246913580246914
"общем" 0 0.213675213675214 0 0
"общественную" 0 0.213675213675214 0 0
"объединить" 0 0 0.129032258064516 0
"объектами" 0 0.213675213675214 0 0
"объявляется" 0 0 0.129032258064516 0
"обычно" 0 0 0 0.246913580246914
"овациями" 0 0.213675213675214 0 0
"огнем" 0 0 0.129032258064516 0
"огонь" 0 0 0.129032258064516 0
"одиночке" 0.216919739696312 0 0 0
"одна" 0 0.213675213675214 0 0
"одноименного" 0 0 0.129032258064516 0
"одноименном" 0.216919739696312 0 0 0
"одном" 0.216919739696312 0 0 0
"ол" 0.216919739696312 0 0 0
"оператор" 0 0.213675213675214 0 0
"операций" 0.216919739696312 0 0 0
"опрометчивый" 0 0 0.129032258064516 0
"органичная" 0.216919739696312 0 0 0
"оригинальный" 0 0 0.129032258064516 0
"освоили" 0 0 0.129032258064516 0
"оскаров" 0 0.213675213675214 0 0
"основанного" 0.216919739696312 0 0 0
"основанный" 0.216919739696312 0 0 0
"основу" 0 0.213675213675214 0 0
"оставляют" 0 0.213675213675214 0 0
"остальные" 0.216919739696312 0 0 0
"островов" 0.216919739696312 0 0 0
"остроумный" 0 0 0 0.246913580246914
"отвисает" 0 0 0.129032258064516 0
"отеле" 0.216919739696312 0 0 0
"отечественные" 0 0 0.129032258064516 0
"отечественных" 0 0 0.129032258064516 0
"открывавшая" 0 0.213675213675214 0 0
"открыл" 0 0 0.129032258064516 0
"открытии" 0 0 0.129032258064516 0
"открытию" 0.216919739696312 0 0 0
"отмороженный" 0 0 0 0.246913580246914
"отношения" 0 0 0 0.246913580246914
"отношениями" 0 0 0.129032258064516 0
"отношениях" 0 0 0.129032258064516 0
"отправляет" 0 0 0.129032258064516 0
"отреставрировала" 0.216919739696312 0 0 0
"отстоять" 0 0 0.129032258064516 0
"отцы" 0.216919739696312 0 0 0
"оценил" 0 0.213675213675214 0 0
"очень" 0 0.213675213675214 0 0
"очередного" 0 0 0 0.246913580246914
"ошибку" 0 0 0.129032258064516 0
"папа" 0 0.213675213675214 0 0
"параллельно" 0 0 0.129032258064516 0
"париков" 0 0 0.129032258064516 0
"паркер" 0.216919739696312 0 0 0
"парней" 0 0 0 0.246913580246914
"пару" 0.216919739696312 0 0 0
"пауза" 0 0.213675213675214 0 0
"пейджа" 0 0 0 0.246913580246914
"пели" 0.216919739696312 0 0 0
"пенсионерам" 0 0.213675213675214 0 0
"первая" 0.216919739696312 0 0 0
"первого" 0 0 0 0.246913580246914
"первые" 0 0.213675213675214 0 0
"первых" 0.216919739696312 0 0 0
"переводе" 0 0.213675213675214 0 0
"переговоры" 0 0 0.129032258064516 0
"переживающей" 0 0.213675213675214 0 0
"перенесена" 0.216919739696312 0 0 0
"перестают" 0 0.213675213675214 0 0
"перми" 0 0 0.129032258064516 0
"пермь" 0 0 0.129032258064516 0
"пермячке" 0 0 0.129032258064516 0
"перро" 0.216919739696312 0 0 0
"перспектива" 0 0 0 0.246913580246914
"пиджаке" 0.216919739696312 0 0 0
"пирс" 0.216919739696312 0 0 0
"пластике" 0.216919739696312 0 0 0
"пластических" 0.216919739696312 0 0 0
"платформе" 0 0 0 0.246913580246914
"племена" 0 0 0.129032258064516 0
"племени" 0 0 0.129032258064516 0
"племянницу" 0 0 0 0.246913580246914
"плеча" 0 0 0 0.246913580246914
"плечом" 0 0 0.129032258064516 0
"плечу" 0 0 0.129032258064516 0
"плохо" 0 0 0 0.246913580246914
"пляшет" 0.216919739696312 0 0 0
"победившего" 0 0.213675213675214 0 0
"победить" 0 0.213675213675214 0 0
"побережье" 0.216919739696312 0 0 0
"поверхностной" 0.216919739696312 0 0 0
"поверьте" 0 0 0.129032258064516 0
"повзрослевшая" 0 0 0.129032258064516 0
"повстречавшись" 0 0 0.129032258064516 0
"поговорить" 0 0 0.129032258064516 0
"подготовку" 0 0.213675213675214 0 0
"подданный" 0 0 0.129032258064516 0
"подлинное" 0 0.213675213675214 0 0
"подпевали" 0.216919739696312 0 0 0
"подростком" 0 0 0 0.246913580246914
"подросток" 0 0.213675213675214 0 0
"подчас" 0 0 0.129032258064516 0
"поезде" 0 0 0 0.246913580246914
"пожалеет" 0 0 0.129032258064516 0
"поймать" 0 0 0 0.246913580246914
"пока" 0 0 0.129032258064516 0
"показалась" 0.216919739696312 0 0 0
"показали" 0 0 0.129032258064516 0
"показано" 0 0.213675213675214 0 0
"показаться" 0 0 0.129032258064516 0
"показывать" 0 0.213675213675214 0 0
"показывают" 0 0.213675213675214 0 0
"поклонников" 0.216919739696312 0 0 0
"полноценная" 0 0.213675213675214 0 0
"половине" 0 0 0.129032258064516 0
"положивший" 0 0.213675213675214 0 0
"полотна" 0 0 0.129032258064516 0
"полу" 0 0 0.129032258064516 0
"получается" 0 0 0 0.246913580246914
"получившая" 0 0.213675213675214 0 0
"получил" 0 0 0 0.246913580246914
"полюде" 0 0 0.129032258064516 0
"помощник" 0 0.213675213675214 0 0
"помощь" 0.216919739696312 0 0 0
"понравилась" 0.216919739696312 0 0 0
"понравился" 0 0 0 0.246913580246914
"поп" 0.216919739696312 0 0 0
"попадает" 0 0 0 0.246913580246914
"пор" 0 0 0.129032258064516 0
"пора" 0 0 0.129032258064516 0
"поразившего" 0 0 0 0.246913580246914
"порядка" 0.216919739696312 0 0 0
"посетовав" 0.216919739696312 0 0 0
"поскольку" 0 0 0 0.246913580246914
"последовательно" 0 0 0.129032258064516 0
"посмотрел" 0.216919739696312 0 0 0
"посмотреть" 0 0 0 0.246913580246914
"поставленная" 0 0 0.129032258064516 0
"постановщика" 0 0.213675213675214 0 0
"постарались" 0 0 0.129032258064516 0
"постоянный" 0 0.213675213675214 0 0
"построенной" 0 0 0.129032258064516 0
"поступок" 0 0 0.129032258064516 0
"посулить" 0 0.213675213675214 0 0
"потасовки" 0 0 0.129032258064516 0
"потерявшая" 0.216919739696312 0 0 0
"поттера" 0 0.213675213675214 0 0
"похитить" 0 0 0 0.246913580246914
"похищает" 0 0 0.129032258064516 0
"почему" 0 0 0.129032258064516 0
"поэтому" 0.216919739696312 0 0 0
"появились" 0.216919739696312 0 0 0
"появился" 0 0.213675213675214 0 0
"появится" 0.216919739696312 0 0 0
"появляются" 0 0.213675213675214 0 0
"появятся" 0.216919739696312 0 0 0
"правда" 0 0 0.129032258064516 0
"правителю" 0 0 0.129032258064516 0
"празднику" 0.216919739696312 0 0 0
"превращаться" 0 0 0.129032258064516 0
"преданности" 0 0.213675213675214 0 0
"предательства" 0 0.213675213675214 0 0
"предают" 0 0.213675213675214 0 0
"представителями" 0 0 0.129032258064516 0
"представляет" 0 0 0.129032258064516 0
"представляется" 0 0 0.129032258064516 0
"предшественница" 0.216919739696312 0 0 0
"предыдущей" 0.216919739696312 0 0 0
"предыдущие" 0 0 0 0.246913580246914
"прежнему" 0.216919739696312 0 0 0
"прекрасный" 0 0.213675213675214 0 0
"премьеры" 0.216919739696312 0 0 0
"препирательства" 0 0 0 0.246913580246914
"преподать" 0 0 0.129032258064516 0
"престижного" 0 0.213675213675214 0 0
"престолов" 0 0 0.129032258064516 0
"прибавившая" 0.216919739696312 0 0 0
"прививкой" 0 0 0.129032258064516 0
"привлекательности" 0.216919739696312 0 0 0
"приготовился" 0 0 0.129032258064516 0
"придется" 0 0 0.129032258064516 0
"призваны" 0.216919739696312 0 0 0
"призов" 0 0.213675213675214 0 0
"прикоснуться" 0 0.213675213675214 0 0
"примесью" 0.216919739696312 0 0 0
"принципу" 0.216919739696312 0 0 0
"приобретение" 0.216919739696312 0 0 0
"приплясывали" 0.216919739696312 0 0 0
"природы" 0 0 0.129032258064516 0
"присесть" 0 0 0 0.246913580246914
"присмирить" 0 0 0.129032258064516 0
"притворяется" 0 0 0 0.246913580246914
"причем" 0 0 0.129032258064516 0
"приятно" 0 0 0.129032258064516 0
"приятной" 0 0 0.129032258064516 0
"приятном" 0 0 0.129032258064516 0
"проглатывали" 0.216919739696312 0 0 0
"прогнозы" 0 0.213675213675214 0 0
"программой" 0 0 0 0.246913580246914
"продолжать" 0 0.213675213675214 0 0
"продюсер" 0 0.213675213675214 0 0
"продюсеров" 0.216919739696312 0 0 0
"проектом" 0 0 0 0.246913580246914
"проживающая" 0 0.213675213675214 0 0
"произведение" 0 0.213675213675214 0 0
"произойдет" 0 0 0.129032258064516 0
"прокат" 0.216919739696312 0 0 0
"просмотра" 0 0 0.129032258064516 0
"простакам" 0 0.213675213675214 0 0
"простодушную" 0 0.213675213675214 0 0
"простонародье" 0 0 0.129032258064516 0
"против" 0 0 0.129032258064516 0
"противостоянии" 0 0 0 0.246913580246914
"протоцарем" 0 0 0.129032258064516 0
"прошло" 0.216919739696312 0 0 0
"прошлое" 0.216919739696312 0 0 0
"прошлом" 0 0.213675213675214 0 0
"прощает" 0 0 0.129032258064516 0
"психопата" 0 0 0 0.246913580246914
"пускается" 0 0 0 0.246913580246914
"пускепалис" 0 0 0.129032258064516 0
"пустяками" 0 0.213675213675214 0 0
"пустяки" 0 0.213675213675214 0 0
"путают" 0 0 0.129032258064516 0
"пятилетняя" 0 0.213675213675214 0 0
"пять" 0 0.213675213675214 0 0
"работает" 0 0 0.129032258064516 0
"работать" 0 0.213675213675214 0 0
"равно" 0.216919739696312 0 0 0
"радовались" 0.216919739696312 0 0 0
"радостное" 0.216919739696312 0 0 0
"радостью" 0.216919739696312 0 0 0
"разворачивалось" 0.216919739696312 0 0 0
"разгуливающая" 0 0 0.129032258064516 0
"раздражение" 0 0 0 0.246913580246914
"раздул" 0 0 0 0.246913580246914
"размеров" 0 0 0 0.246913580246914
"размышление" 0 0 0.129032258064516 0
"разных" 0 0.213675213675214 0 0
"разобраться" 0 0 0.129032258064516 0
"разу" 0 0 0.129032258064516 0
"разумным" 0 0.213675213675214 0 0
"райан" 0 0 0 0.246913580246914
"района" 0 0.213675213675214 0 0
"расплатиться" 0 0 0.129032258064516 0
"рассказ" 0 0.213675213675214 0 0
"рассказываем" 0 0 0.129032258064516 0
"рассказывает" 0 0 0.129032258064516 0
"расточительность" 0 0 0 0.246913580246914
"растроган" 0 0.213675213675214 0 0
"расчету" 0 0 0.129032258064516 0
"реалистический" 0 0.213675213675214 0 0
"реборн" 0 0 0.129032258064516 0
"реванш" 0 0 0.129032258064516 0
"редко" 0 0.213675213675214 0 0
"реже" 0 0 0 0.246913580246914
"режиссера" 0 0.213675213675214 0 0
"режиссеров" 0 0 0.129032258064516 0
"режиссуру" 0 0.213675213675214 0 0
"ремонта" 0.216919739696312 0 0 0
"речь" 0 0.213675213675214 0 0
"решает" 0 0 0 0.246913580246914
"рима" 0 0.213675213675214 0 0
"риме" 0 0.213675213675214 0 0
"ровесник" 0 0.213675213675214 0 0
"родившей" 0.216919739696312 0 0 0
"родины" 0 0 0.129032258064516 0
"родной" 0 0.213675213675214 0 0
"роли" 0.216919739696312 0 0 0
"роль" 0.216919739696312 0 0 0
"рома" 0 0.213675213675214 0 0
"роман" 0 0 0.129032258064516 0
"романтический" 0.216919739696312 0 0 0
"россии" 0 0 0.129032258064516 0
"ростова" 0.216919739696312 0 0 0
"рук" 0 0 0 0.246913580246914
"руси" 0 0 0.129032258064516 0
"русским" 0 0 0.129032258064516 0
"русского" 0 0 0.129032258064516 0
"руссо" 0 0 0 0.246913580246914
"сам" 0 0.213675213675214 0 0
"самая" 0 0.213675213675214 0 0
"самого" 0 0.213675213675214 0 0
"самой" 0.216919739696312 0 0 0
"самом" 0 0 0 0.246913580246914
"самым" 0 0 0 0.246913580246914
"свободных" 0 0 0.129032258064516 0
"своей" 0 0 0 0.246913580246914
"своему" 0 0.213675213675214 0 0
"своим" 0 0 0.129032258064516 0
"своих" 0 0 0.129032258064516 0
"свойства" 0 0 0.129032258064516 0
"святыню" 0 0 0.129032258064516 0
"сдаются" 0 0.213675213675214 0 0
"сделал" 0 0.213675213675214 0 0
"сделало" 0 0 0 0.246913580246914
"сделан" 0 0.213675213675214 0 0
"североуральское" 0 0 0.129032258064516 0
"североуральской" 0 0 0.129032258064516 0
"сейфрид" 0.216919739696312 0 0 0
"секретной" 0 0 0 0.246913580246914
"семейства" 0 0.213675213675214 0 0
"сентиментального" 0 0 0 0.246913580246914
"сепаратистский" 0 0 0.129032258064516 0
"сергей" 0 0 0.129032258064516 0
"сериал" 0 0 0.129032258064516 0
"серий" 0 0 0.129032258064516 0
"серого" 0 0 0 0.246913580246914
"сером" 0 0 0 0.246913580246914
"сиквеле" 0.216919739696312 0 0 0
"сила" 0 0 0.129032258064516 0
"сильнее" 0 0 0.129032258064516 0
"сильно" 0 0.213675213675214 0 0
"синефилам" 0 0.213675213675214 0 0
"ситуацию" 0 0 0 0.246913580246914
"сих" 0 0 0.129032258064516 0
"сияющая" 0.216919739696312 0 0 0
"скажем" 0 0 0.129032258064516 0
"сказать" 0 0.213675213675214 0 0
"сказки" 0.216919739696312 0 0 0
"скарсгард" 0.216919739696312 0 0 0
"скиф" 0 0 0.129032258064516 0
"скоростном" 0 0 0 0.246913580246914
"скорую" 0 0 0 0.246913580246914
"скучать" 0.216919739696312 0 0 0
"славных" 0 0 0 0.246913580246914
"сладкой" 0.216919739696312 0 0 0
"следы" 0 0 0.129032258064516 0
"слишком" 0.216919739696312 0 0 0
"словами" 0 0 0.129032258064516 0
"сложена" 0 0.213675213675214 0 0
"сложно" 0 0.213675213675214 0 0
"служанка" 0 0.213675213675214 0 0
"службе" 0 0 0 0.246913580246914
"случае" 0.216919739696312 0 0 0
"сменит" 0 0 0.129032258064516 0
"смысле" 0 0.213675213675214 0 0
"снимались" 0 0 0 0.246913580246914
"снимать" 0 0 0.129032258064516 0
"снимающие" 0 0 0.129032258064516 0
"сноу" 0 0 0.129032258064516 0
"снявший" 0 0.213675213675214 0 0
"снято" 0 0 0.129032258064516 0
"снять" 0 0 0.129032258064516 0
"собирает" 0 0 0.129032258064516 0
"собой" 0 0 0.129032258064516 0
"собственно" 0.216919739696312 0 0 0
"собственном" 0 0.213675213675214 0 0
"собственный" 0 0.213675213675214 0 0
"совершает" 0 0 0.129032258064516 0
"современной" 0 0 0.129032258064516 0
"современных" 0 0 0.129032258064516 0
"создаваемой" 0 0 0.129032258064516 0
"создателя" 0 0.213675213675214 0 0
"солнечное" 0.216919739696312 0 0 0
"соратник" 0 0.213675213675214 0 0
"сорокаминутная" 0 0 0.129032258064516 0
"сотни" 0 0.213675213675214 0 0
"сотому" 0 0 0.129032258064516 0
"софронова" 0 0 0.129032258064516 0
"спасти" 0 0 0 0.246913580246914
"спели" 0.216919739696312 0 0 0
"спецэффекты" 0 0 0.129032258064516 0
"спортивная" 0 0 0.129032258064516 0
"спортивный" 0 0 0.129032258064516 0
"сражение" 0 0 0.129032258064516 0
"сражении" 0 0 0.129032258064516 0
"сражения" 0 0 0.129032258064516 0
"становление" 0 0 0.129032258064516 0
"старший" 0 0.213675213675214 0 0
"стать" 0 0 0 0.246913580246914
"стеллан" 0.216919739696312 0 0 0
"стойкость" 0 0.213675213675214 0 0
"столько" 0 0 0 0.246913580246914
"стоп" 0 0 0.129032258064516 0
"студентами" 0 0 0.129032258064516 0
"сугубо" 0.216919739696312 0 0 0
"судьбах" 0 0 0.129032258064516 0
"суету" 0 0.213675213675214 0 0
"супруга" 0 0 0.129032258064516 0
"сути" 0 0 0 0.246913580246914
"схваткой" 0 0 0 0.246913580246914
"схематичный" 0.216919739696312 0 0 0
"сцена" 0 0 0.129032258064516 0
"сценария" 0 0.213675213675214 0 0
"сценическом" 0.216919739696312 0 0 0
"считают" 0 0 0.129032258064516 0
"сыгранная" 0 0.213675213675214 0 0
"сыграть" 0 0 0 0.246913580246914
"сын" 0 0 0.129032258064516 0
"сыну" 0 0 0.129032258064516 0
"сюжетный" 0 0 0.129032258064516 0
"сюжету" 0.216919739696312 0 0 0
"такая" 0 0 0 0.246913580246914
"также" 0 0 0.129032258064516 0
"такие" 0 0.213675213675214 0 0
"таких" 0 0 0 0.246913580246914
"такой" 0 0 0.129032258064516 0
"таланта" 0.216919739696312 0 0 0
"талантливая" 0.216919739696312 0 0 0
"танцевали" 0.216919739696312 0 0 0
"татарином" 0 0 0.129032258064516 0
"тащить" 0.216919739696312 0 0 0
"творят" 0 0 0 0.246913580246914
"те" 0 0 0.129032258064516 0
"темный" 0 0 0.129032258064516 0
"темы" 0 0.213675213675214 0 0
"тенью" 0 0 0.129032258064516 0
"территории" 0 0 0.129032258064516 0
"технически" 0 0.213675213675214 0 0
"тичерте" 0 0 0.129032258064516 0
"тоже" 0.216919739696312 0 0 0
"той" 0.216919739696312 0 0 0
"токсичного" 0 0 0 0.246913580246914
"толстого" 0.216919739696312 0 0 0
"тому" 0.216919739696312 0 0 0
"топчется" 0.216919739696312 0 0 0
"торнтон" 0 0 0 0.246913580246914
"торо" 0 0.213675213675214 0 0
"торопится" 0 0 0.129032258064516 0
"точнее" 0 0 0.129032258064516 0
"традициях" 0 0 0.129032258064516 0
"трамвае" 0 0 0 0.246913580246914
"треть" 0 0 0.129032258064516 0
"третьей" 0 0.213675213675214 0 0
"третьих" 0.216919739696312 0 0 0
"туда" 0 0 0.129032258064516 0
"тут" 0 0 0 0.246913580246914
"убрать" 0 0 0 0.246913580246914
"уверенности" 0.216919739696312 0 0 0
"увлекательной" 0.216919739696312 0 0 0
"уговорили" 0.216919739696312 0 0 0
"угодно" 0 0.213675213675214 0 0
"удастся" 0 0 0.129032258064516 0
"удивит" 0 0 0.129032258064516 0
"удивительную" 0 0.213675213675214 0 0
"удивлены" 0 0 0.129032258064516 0
"уж" 0 0 0 0.246913580246914
"уменьшилась" 0.216919739696312 0 0 0
"умеренного" 0.216919739696312 0 0 0
"умеют" 0 0 0.129032258064516 0
"урок" 0 0 0.129032258064516 0
"урокам" 0 0 0.129032258064516 0
"условный" 0.216919739696312 0 0 0
"устроенное" 0 0.213675213675214 0 0
"устроилась" 0 0.213675213675214 0 0
"участие" 0.216919739696312 0 0 0
"ушами" 0 0.213675213675214 0 0
"фабулы" 0.216919739696312 0 0 0
"фаворит" 0 0.213675213675214 0 0
"фантастический" 0 0.213675213675214 0 0
"федор" 0 0 0.129032258064516 0
"феминизма" 0 0.213675213675214 0 0
"феминистка" 0.216919739696312 0 0 0
"феминистками" 0 0 0.129032258064516 0
"ферт" 0.216919739696312 0 0 0
"фестивале" 0 0.213675213675214 0 0
"фестиваль" 0 0.213675213675214 0 0
"фестиваля" 0 0.213675213675214 0 0
"фестивалях" 0 0.213675213675214 0 0
"филлиды" 0.216919739696312 0 0 0
"фильмах" 0 0 0 0.246913580246914
"фильме" 0 0 0.129032258064516 0
"фильму" 0 0.213675213675214 0 0
"финал" 0 0 0 0.246913580246914
"финальная" 0 0 0.129032258064516 0
"флешка" 0 0 0 0.246913580246914
"флэшбеках" 0.216919739696312 0 0 0
"фоне" 0 0 0 0.246913580246914
"х" 0 0.213675213675214 0 0
"хана" 0 0 0.129032258064516 0
"хаос" 0 0 0.129032258064516 0
"харизме" 0.216919739696312 0 0 0
"хенвик" 0 0 0 0.246913580246914
"хиты" 0.216919739696312 0 0 0
"хором" 0.216919739696312 0 0 0
"хорошего" 0 0 0 0.246913580246914
"хоть" 0 0.213675213675214 0 0
"хочет" 0 0 0.129032258064516 0
"храброго" 0 0 0.129032258064516 0
"христианства" 0 0 0.129032258064516 0
"хромакейного" 0 0 0 0.246913580246914
"хромакейный" 0 0 0 0.246913580246914
"художника" 0 0.213675213675214 0 0
"цветной" 0 0.213675213675214 0 0
"цзин" 0 0 0.129032258064516 0
"цивилизации" 0 0 0.129032258064516 0
"цру" 0 0 0 0.246913580246914
"цээрушница" 0 0 0 0.246913580246914
"час" 0 0 0.129032258064516 0
"частности" 0.216919739696312 0 0 0
"часть" 0.216919739696312 0 0 0
"человека" 0 0 0 0.246913580246914
"человеке" 0 0 0 0.246913580246914
"челюсть" 0 0 0.129032258064516 0
"черно" 0 0.213675213675214 0 0
"четверо" 0 0.213675213675214 0 0
"числе" 0 0.213675213675214 0 0
"чистый" 0 0 0.129032258064516 0
"читавшие" 0 0 0.129032258064516 0
"чувствует" 0 0 0.129032258064516 0
"чуть" 0 0 0.129032258064516 0
"чьими" 0 0.213675213675214 0 0
"шведская" 0.216919739696312 0 0 0
"шведского" 0.216919739696312 0 0 0
"шведской" 0.216919739696312 0 0 0
"шейна" 0 0 0 0.246913580246914
"шестого" 0 0 0 0.246913580246914
"шестой" 0 0 0 0.246913580246914
"шесть" 0 0 0 0.246913580246914
"шубу" 0 0 0.129032258064516 0
"щедрость" 0 0 0 0.246913580246914
"эванса" 0 0 0 0.246913580246914
"экранизаций" 0.216919739696312 0 0 0
"экранизацию" 0 0 0.129032258064516 0
"экраны" 0 0 0.129032258064516 0
"экспозицию" 0 0 0.129032258064516 0
"экшен" 0 0 0 0.246913580246914
"экшена" 0 0 0 0.246913580246914
"элитным" 0 0 0 0.246913580246914
"эммануэль" 0 0.213675213675214 0 0
"эпичные" 0 0 0.129032258064516 0
"эпохи" 0 0.213675213675214 0 0
"эти" 0.216919739696312 0 0 0
"этих" 0.216919739696312 0 0 0
"этого" 0 0 0.129032258064516 0
"эту" 0 0 0.129032258064516 0
"эшелона" 0 0 0 0.246913580246914
"юной" 0 0 0.129032258064516 0
"юному" 0 0 0.129032258064516 0
"юную" 0.216919739696312 0 0 0
"являющаяся" 0.216919739696312 0 0 0
"языческую" 0 0 0.129032258064516 0
"язычества" 0 0 0.129032258064516 0
"ярослав" 0 0 0.129032258064516 0
