"test_text_1" "test_text_2" "test_text_3" "test_text_4" "test_text_5" "test_text_6" "test_text_7" "test_text_8" "test_text_9" "test_text_10" "test_text_11" "test_text_12"
"и" 4.2 4.2 4.2 4.2 3.8 3.6 3 3.8 3.4 2.6 2.2 2.4
"в" 3.8 4 4 4 3.8 3.6 3 2.6 2.6 2.8 2.2 2.4
"не" 1 1 1.2 1.2 1.2 1.6 1.8 2 2 1.8 1.6 1.8
"на" 1.4 1.2 0.8 0.8 0.8 0.8 1 1.2 1.6 1.8 2 1.8
"а" 0.4 0.6 0.6 1 1 1 1.2 1.2 1.2 1.2 1.4 1.6
"что" 0.2 0.2 0.6 0.8 1 1.2 1.4 1.4 1.4 1.2 1.2 1.6
"но" 0.6 0.6 0.6 0.6 0.6 0.8 0.8 0.8 0.8 1 1 1.2
"с" 0.4 0.4 1 1 1 1 1 1 1 0.8 0.8 0.8
"как" 0.4 0.4 0.6 0.6 0.6 0.6 1 1 1 1 1 1
"это" 0.6 0.6 0.6 0.6 0.6 0.8 0.8 1 1 1.2 1 0.8
"его" 0.2 0.2 0.4 0.4 0.4 0.4 0.4 0.4 0.4 0.4 0.6 0.6
"по" 0 0 0 0.2 0.2 0.2 0.2 0.2 0.4 0.4 0.4 0.4
"он" 0 0 0.2 0.2 0.2 0.2 0.4 0.4 0.8 1 1 1
"из" 0.4 0.2 0.4 0.4 0.4 0.4 0.2 0.2 0.2 0.2 0.4 0.4
"к" 0 0 0.2 0.4 0.6 0.6 0.8 0.8 0.8 0.8 1.2 1.2
"от" 1 1 1.6 1.4 1.4 1.4 1.4 1 0.8 1 0.8 0.8
"только" 0 0 0 0 0 0 0 0 0.2 0.2 0.2 0.2
"во" 0 0 0 0.2 0.4 0.4 0.4 0.4 0.4 0.4 0.6 0.6
"о" 0.4 0.4 0.4 0.4 0.4 0.4 0.4 0.2 0 0 0 0
"однако" 0.2 0.2 0.2 0.4 0.4 0.4 0.4 0.4 0.4 0.4 0.4 0.4
"фильм" 0.6 0.4 0.2 0.2 0.2 0.2 0.2 0 0 0 0 0.2
"все" 0.2 0.2 0.2 0.4 0.4 0.4 0.4 0.2 0.2 0.2 0.2 0.2
"то" 0.4 0.2 0.4 0.4 0.4 0.4 0.4 0.6 0.6 0.6 0.4 0.4
"было" 0.4 0.4 0.2 0.2 0.4 0.4 0.4 0.4 0.4 0.4 0.4 0.4
"ее" 0.2 0.6 0.6 0.8 0.8 1 1 0.8 0.8 0.8 0.8 0.4
"за" 0.6 0.4 0.2 0.2 0.2 0.2 0.2 0.2 0.2 0.2 0.2 0.4
"который" 0.2 0.2 0.2 0.2 0.4 0.4 0.4 0.6 0.8 0.6 0.6 0.6
"так" 0 0 0.2 0.2 0.2 0.2 0.2 0.2 0.4 0.4 0.4 0.4
"у" 0.4 1 0.8 0.8 0.8 0.6 0.6 0.6 0.6 0.6 0.6 0
"для" 0.6 1 1 1 0.8 0.4 0.4 0.6 0.6 0.6 0.6 0.2
"еще" 0.4 0.4 0.4 0.4 0.4 0.4 0.2 0.2 0.2 0.2 0 0
"когда" 0.4 0.2 0.4 0.4 0.4 0.4 0.2 0.2 0.2 0.6 0.6 0.6
"даже" 0.2 0.2 0 0 0 0 0 0 0 0 0 0
"если" 0.4 0.4 0.2 0.2 0.2 0.4 0.4 0.4 0.4 0.4 0.2 0.2
"есть" 0 0.2 0.2 0.2 0.2 0.2 0.2 0.2 0.2 0.2 0.2 0
"кино" 0.2 0.2 0.2 0.2 0.2 0.2 0.2 0 0 0 0.2 0.2
"которого" 0 0.2 0.2 0.2 0.4 0.4 0.4 0.6 0.8 0.8 0.8 0.6
"она" 0.2 0.2 0.2 0.2 0.2 0 0 0 0 0 0 0
"отец" 0.2 0.2 0.2 0.4 0.4 0.4 0.6 1.2 1.2 1.2 1 1
"том" 0.2 0.2 0.2 0.2 0.2 0.2 0.2 0.2 0.2 0 0 0
"уже" 0.2 0.4 0.4 0.2 0.2 0.4 0.6 0.6 0.6 0.8 0.8 0.6
"хуже" 0 0 0 0.6 0.6 0.6 0.6 0.6 0.6 0.6 0.6 0.6
"этом" 0.4 0.4 0.4 0.4 0.4 0.4 0.4 0.4 0.6 0.4 0.4 0.4
"mamma" 0 0 0 0 0 0 0 0 0 0 0 0
"mia" 0 0 0 0 0 0 0 0 0 0 0 0
"бы" 0 0 0 0 0.2 0.2 0.2 0.2 0.2 0.2 0.4 0.4
"же" 0 0 0 0 0 0 0 0.2 0.4 0.4 0.4 0.4
"кажется" 0 0 0.2 0.2 0.2 0.2 0.2 0.2 0.2 0.2 0.2 0.6
"можно" 0 0 0 0 0.2 0.2 0.2 0.2 0.2 0.2 0.2 0.2
"пармы" 0 0 0 0 0 0 0 0 0 0 0 0
"перед" 0 0 0 0 0 0 0.2 0.2 0.2 0.2 0.2 0.2
"питер" 0 0 0.2 0.2 0.2 0.2 0.2 0.2 0.4 0.6 0.8 1
"питера" 0 0.2 0.2 0.2 0.2 0.2 0.2 0.6 0.6 0.8 1 0.8
"стрип" 0 0 0 0 0 0 0 0 0 0 0 0
"сына" 0 0.2 0.2 0.4 0.6 0.6 0.6 0.8 0.8 1 1 0.8
"чтобы" 0 0 0 0 0 0 0.2 0.2 0.2 0.2 0.2 0.2
"более" 0.2 0.2 0.2 0.2 0 0 0 0 0 0 0 0
"был" 0 0 0.2 0.2 0.6 0.6 0.6 0.6 0.6 0.6 0.6 0.6
"весь" 0 0 0 0 0 0 0 0 0 0 0.2 0.2
"время" 0 0 0 0.4 0.4 0.4 0.4 0.4 0.4 0.4 0.4 0.4
"второй" 0 0.2 0.2 0.2 0.2 0.2 0.2 0.2 0.2 0.2 0.2 0
"где" 0 0.2 0.2 0.2 0.4 0.4 0.4 0.4 0.4 0.4 0.4 0.2
"до" 0.6 0.6 0.6 0.2 0.2 0.2 0.2 0 0 0 0 0
"другой" 0 0 0 0 0 0 0 0 0 0 0 0
"зеллера" 0.2 0.2 0.2 0.2 0.2 0.2 0.2 0.2 0.2 0.2 0 0.4
"играет" 0 0 0 0 0 0 0 0 0 0 0 0
"идет" 0 0 0 0.2 0.2 0.2 0.2 0.2 0.2 0.2 0.2 0.2
"или" 0 0 0 0 0 0 0 0 0.2 0.2 0.2 0.2
"картина" 0.4 0.4 0.4 0.4 0.4 0.2 0.2 0.2 0.2 0 0 0
"картину" 0.2 0 0 0 0 0 0 0 0 0 0 0
"князь" 0 0 0 0 0 0 0 0 0 0 0 0
"лучше" 0 0 0 0 0 0 0 0 0.2 0.2 0.2 0.2
"николас" 0 0.2 0.4 0.4 0.4 0.4 0.4 0.6 0.6 0.6 0.6 0.6
"об" 0 0 0 0 0 0 0.2 0.2 0.4 0.4 0.4 0.4
"отца" 0.2 0.2 0.2 0.2 0.2 0.2 0.2 0.2 0.4 0.4 0.2 0.2
"под" 0.2 0.2 0 0 0 0 0 0 0 0 0 0
"про" 0 0 0 0 0 0 0 0 0 0 0 0
"просто" 0 0 0 0 0 0 0 0.2 0.2 0.2 0.2 0.2
"режиссер" 0.2 0.2 0.2 0.2 0.2 0.2 0.2 0.2 0 0 0 0
"своего" 0 0 0 0 0 0 0 0 0.2 0.4 0.4 0.4
"себя" 0 0 0 0 0.2 0.2 0.2 0.4 0.6 0.6 0.8 0.8
"сердце" 0 0 0 0 0 0 0 0 0 0 0 0
"сын" 0.2 0.4 0.4 0.4 0.4 0.4 0.4 0.4 0.4 0.4 0.2 0.2
"фильма" 0.2 0.2 0.2 0.2 0.2 0.2 0.4 0.4 0.4 0.2 0.2 0.2
"чем" 0 0 0 0 0 0 0 0 0 0 0 0
"будет" 0 0 0 0 0 0 0 0 0 0.2 0.2 0.2
"ведь" 0 0 0 0 0 0 0 0 0 0 0 0
"вообще" 0.2 0 0 0 0 0 0 0 0 0 0 0
"выходит" 0.2 0.2 0.2 0.2 0.2 0.2 0.2 0.2 0.2 0.2 0 0
"героиня" 0 0 0 0 0 0 0 0 0 0 0 0
"главное" 0 0 0 0 0 0 0 0 0 0 0 0
"годы" 0.2 0 0 0 0 0 0 0 0 0 0 0
"детства" 0 0 0 0 0 0 0 0 0 0 0 0
"долго" 0 0 0 0 0 0.2 0.2 0.2 0.2 0.2 0.2 0.2
"других" 0 0 0 0 0 0 0 0 0 0 0 0
"здесь" 0.2 0.2 0.2 0.2 0.2 0.2 0.2 0 0 0 0 0
"история" 0.2 0.2 0 0 0 0 0 0 0 0 0 0
"картины" 0 0 0 0 0 0 0 0 0 0 0 0
"которой" 0.2 0.2 0.2 0.2 0.2 0.2 0 0 0 0 0 0
"кто" 0.2 0.2 0.2 0.2 0 0 0 0 0 0 0 0
"куарон" 0 0 0 0 0 0 0 0 0 0 0 0
"лет" 0 0 0 0 0 0 0 0 0 0 0 0
"либо" 0 0 0 0 0 0 0 0 0 0 0 0
"мерил" 0 0 0 0 0 0 0 0 0 0 0 0
"михана" 0 0 0 0 0 0 0 0 0 0 0 0
"нами" 0 0 0 0 0 0 0.2 0.2 0.2 0.2 0.2 0.2
"него" 0 0.2 0.2 0.2 0.2 0.2 0.2 0.2 0.2 0.2 0.2 0
"нем" 0 0 0 0 0 0 0 0 0 0 0 0
"нет" 0 0 0 0 0.2 0.2 0.2 0.2 0.2 0.2 0.2 0.2
"ни" 0 0 0 0 0 0 0 0 0 0 0.2 0.2
"ничего" 0 0 0 0 0 0 0 0 0 0 0 0
"один" 0 0 0 0 0 0 0 0 0 0 0 0
"оказывается" 0 0 0 0 0 0 0 0 0.2 0.2 0.2 0.2
"они" 0.2 0.2 0.2 0.2 0.2 0.2 0.2 0.2 0 0 0 0
"особенно" 0 0 0 0 0 0 0 0 0 0 0 0
"отличие" 0.2 0.2 0.2 0.2 0.2 0.2 0.2 0.2 0.2 0.2 0 0
"отцов" 0 0 0 0 0 0 0 0 0 0.2 0.2 0.2
"первый" 0 0.2 0.2 0.2 0.2 0.2 0.2 0.2 0.2 0.2 0.2 0
"половина" 0 0 0 0 0 0 0 0 0 0 0 0
"потом" 0 0 0 0 0 0 0 0 0 0.2 0.2 0.2
"потому" 0 0 0 0 0.2 0.2 0.2 0.2 0.2 0.2 0.2 0.4
"ради" 0 0 0 0 0 0 0 0 0 0 0.2 0.2
"рим" 0 0 0 0 0 0 0 0 0 0 0 0
"себе" 0 0 0 0.2 0.2 0.2 0.2 0.2 0.2 0.2 0.2 0.2
"смотреть" 0 0 0 0 0 0 0 0 0 0 0 0
"спустя" 0 0 0 0 0 0 0 0 0 0 0 0
"сразу" 0 0 0 0 0 0 0 0 0 0 0 0
"стоило" 0 0 0 0 0 0 0 0 0 0 0.2 0.2
"стоит" 0 0 0 0 0 0 0 0 0 0 0 0
"стороны" 0 0 0 0 0 0 0 0 0 0 0 0
"сыну" 0.2 0.2 0.2 0.2 0.2 0.4 0.4 0.4 0.4 0.4 0.2 0.2
"сюжет" 0.2 0.2 0.2 0.2 0 0 0 0 0 0.2 0.2 0.2
"тем" 0 0 0 0 0 0.2 0.2 0.2 0.2 0.2 0.2 0.2
"теперь" 0 0 0 0 0 0 0 0 0 0 0 0
"тут" 0 0 0 0 0 0.2 0.2 0.2 0.2 0.2 0.2 0.4
"фэнтези" 0 0 0 0 0 0 0 0 0 0 0 0
"хочет" 0 0 0 0 0 0.2 0.2 0.2 0.4 0.4 0.4 0.4
"человек" 0 0 0 0 0 0 0 0 0 0 0 0
"элизабет" 0 0.4 0.4 0.4 0.4 0.4 0.4 0.4 0.4 0.4 0.6 0.2
"энтони" 0 0 0 0 0 0.2 0.2 0.4 0.6 0.6 0.6 0.6
"этой" 0.2 0.2 0.2 0.2 0.2 0.2 0 0 0 0 0 0.2
"abba" 0 0 0 0 0 0 0 0 0 0 0 0
"автор" 0.2 0.2 0.2 0.4 0.4 0.4 0.4 0.4 0.4 0.2 0.2 0.4
"авторы" 0 0 0 0 0 0 0 0 0 0 0 0
"александр" 0 0 0 0 0 0 0 0 0 0 0 0
"алексея" 0 0 0 0 0 0 0 0 0 0 0 0
"альфонсо" 0 0 0 0 0 0 0 0 0 0 0 0
"антон" 0.2 0 0 0 0 0 0 0 0 0 0 0
"армас" 0 0 0 0 0 0 0 0 0 0 0 0
"больше" 0 0 0 0 0 0 0 0 0 0 0 0
"будут" 0 0 0 0 0 0 0 0 0 0 0 0
"будьте" 0 0 0 0 0 0 0 0 0 0 0.2 0.2
"быть" 0.2 0.2 0.2 0.2 0.2 0.2 0.2 0.2 0.2 0.2 0.2 0.2
"важнее" 0 0 0 0 0 0 0 0 0 0 0 0
"вам" 0 0 0 0 0 0 0 0 0 0 0 0
"ведет" 0 0 0 0 0 0 0.2 0.2 0.2 0.2 0.2 0.2
"вестей" 0.2 0 0 0 0 0 0 0 0 0 0 0
"взрослый" 0 0.2 0.2 0.2 0.2 0.2 0.2 0.2 0.4 0.4 0.4 0.2
"взять" 0 0 0.2 0.2 0.2 0.2 0.2 0.2 0.4 0.4 0.4 0.4
"вогулов" 0 0 0 0 0 0 0 0 0 0 0 0
"вот" 0 0.2 0.2 0.2 0.2 0.2 0.2 0.2 0.2 0.2 0.2 0
"впервые" 0.2 0.2 0.2 0.2 0.2 0.2 0.2 0.2 0.2 0.2 0 0
"впрочем" 0 0 0 0 0 0 0 0 0 0 0 0
"всякий" 0 0 0 0 0 0 0.2 0.2 0.2 0.2 0.2 0.2
"второе" 0 0 0 0 0 0 0 0 0 0 0 0.2
"вы" 0 0 0 0 0 0 0 0 0 0 0 0
"выжить" 0 0 0 0 0 0 0 0 0 0 0 0
"выступает" 0 0 0 0 0 0 0 0 0 0 0 0
"высшей" 0 0 0 0 0 0 0 0 0 0 0 0
"гарсиа" 0 0 0 0 0 0 0 0 0 0 0 0
"героини" 0 0.2 0.2 0.2 0.2 0.2 0.2 0.2 0.2 0.2 0.2 0
"герой" 0 0 0 0 0 0 0 0 0 0 0 0.2
"главная" 0 0 0 0 0 0 0 0 0 0 0 0
"главных" 0.2 0 0 0 0 0 0 0 0 0 0 0
"го" 0 0 0 0 0 0 0 0 0 0 0 0
"гослинга" 0 0 0 0 0 0 0 0 0 0 0 0
"готовится" 0 0 0 0 0 0 0 0 0 0 0 0
"гравитации" 0 0 0 0 0 0 0 0 0 0 0 0
"давно" 0 0 0.2 0.2 0.2 0.2 0.2 0.2 0.2 0.2 0.2 0.2
"де" 0 0 0 0 0 0 0 0 0 0 0 0
"детей" 0 0 0 0 0 0 0 0 0 0 0 0
"детям" 0 0 0 0 0 0 0 0 0 0 0.2 0.2
"долин" 0.2 0 0 0 0 0 0 0 0 0 0 0
"дочь" 0 0 0 0 0 0 0 0 0 0 0 0
"друг" 0 0 0 0 0 0 0 0.2 0.2 0.2 0.2 0.2
"евгений" 0.2 0.2 0.2 0.2 0.2 0.2 0.2 0.2 0.2 0.2 0 0
"ей" 0 0 0 0 0 0 0 0 0 0 0 0
"ермолая" 0 0 0 0 0 0 0 0 0 0 0 0
"женщины" 0 0.2 0.2 0.2 0.2 0.2 0.2 0.2 0.2 0.2 0.2 0
"звезды" 0 0 0 0 0 0 0 0 0 0 0 0
"зеллер" 0 0 0 0.2 0.2 0.2 0.2 0.2 0.2 0.2 0.4 0.4
"зеллеру" 0 0 0 0 0 0 0.2 0.2 0.4 0.4 0.4 0.4
"зовут" 0 0 0 0 0 0.2 0.2 0.2 0.2 0.4 0.4 0.4
"зрители" 0 0 0 0 0 0 0 0 0 0 0 0
"зритель" 0 0 0 0 0.2 0.2 0.2 0.2 0.2 0.2 0.2 0.2
"зрителя" 0 0 0 0 0 0 0 0 0 0 0 0
"иванова" 0 0 0 0 0 0 0 0 0 0 0 0
"известный" 0 0 0 0 0 0 0 0 0 0.2 0.2 0.2
"имя" 0 0 0 0 0 0 0 0 0 0 0 0.2
"итоге" 0 0 0 0 0 0 0 0 0 0 0 0
"категории" 0 0 0 0 0 0 0 0 0 0 0 0
"кинообозреватель" 0.2 0 0 0 0 0 0 0 0 0 0 0
"клео" 0 0 0 0 0 0 0 0 0 0 0 0
"князю" 0 0 0 0 0 0 0 0 0 0 0 0
"колония" 0 0 0 0 0 0 0 0 0 0 0 0
"кому" 0 0 0 0 0 0 0 0 0 0 0 0
"конечно" 0 0 0 0 0 0 0 0 0 0 0 0
"которая" 0.2 0.2 0.2 0.2 0.2 0 0 0.2 0.2 0.2 0.2 0.2
"которое" 0 0 0 0 0 0 0 0 0 0 0 0
"которую" 0.2 0.2 0.2 0.2 0.2 0.2 0.2 0.2 0.2 0.2 0 0
"которым" 0.2 0.2 0.2 0.2 0.4 0.4 0.4 0.4 0.2 0.2 0.2 0.2
"куарона" 0 0 0 0 0 0 0 0 0 0 0 0
"куда" 0 0 0 0 0 0 0 0 0 0 0 0
"кузнецов" 0 0 0 0 0 0 0 0 0 0 0 0
"ли" 0 0 0 0 0 0 0 0 0 0 0.2 0.2
"ллойд" 0 0 0 0 0 0 0 0 0 0 0 0
"любви" 0 0 0 0 0 0 0 0 0 0 0 0
"люди" 0 0 0 0 0 0 0.2 0.2 0.2 0.2 0.2 0.2
"мама" 0 0 0 0 0 0 0 0 0 0 0 0
"матери" 0 0 0.2 0.2 0.2 0.2 0.2 0.2 0.2 0.2 0.2 0.2
"мать" 0.2 0.2 0.2 0.2 0.2 0.2 0.2 0.2 0.2 0.2 0 0
"мир" 0 0 0 0 0 0 0 0 0 0 0 0
"много" 0.2 0.2 0.2 0 0 0 0 0 0 0 0 0
"может" 0.2 0.2 0.2 0.2 0.2 0.2 0.2 0.2 0.2 0 0 0
"мстителе" 0 0 0 0 0 0 0 0 0 0 0 0
"мстители" 0 0 0 0 0 0 0 0 0 0 0 0
"мужчины" 0 0 0 0 0 0 0 0 0 0 0 0
"несколько" 0 0 0 0 0 0 0 0 0 0 0 0
"нибудь" 0 0 0 0 0 0 0 0 0 0 0 0
"ниже" 0 0 0 0 0 0 0 0 0 0 0 0
"ничуть" 0 0 0 0 0 0 0 0 0 0 0 0
"новой" 0 0.2 0.2 0.4 0.4 0.4 0.4 0.4 0.4 0.4 0.4 0.2
"одной" 0 0 0 0 0 0 0 0 0 0 0 0
"оскаров" 0.2 0.2 0.2 0.2 0.2 0.2 0.2 0.2 0.2 0.2 0 0
"особо" 0 0 0 0 0 0 0 0 0 0 0 0
"отношениях" 0 0 0 0 0 0 0 0.2 0.2 0.2 0.2 0.2
"ощущение" 0 0 0 0 0 0 0 0 0 0 0 0
"пару" 0.2 0.2 0.2 0.2 0.2 0.2 0.2 0.2 0.2 0.2 0 0
"первой" 0 0 0 0 0 0 0 0 0 0 0 0
"первом" 0 0 0 0 0 0 0 0 0 0 0 0
"песни" 0 0 0 0 0 0 0 0 0 0 0 0
"песнях" 0 0 0 0 0 0 0 0 0 0 0 0
"питеру" 0 0 0 0 0 0.2 0.2 0.2 0.4 0.4 0.4 0.4
"подросток" 0 0 0 0 0 0 0 0 0.2 0.2 0.2 0.2
"поет" 0 0 0 0 0 0 0 0 0 0 0 0
"поскольку" 0 0 0 0 0 0 0.2 0.2 0.2 0.2 0.2 0.2
"после" 0 0 0 0 0 0 0 0 0 0 0 0
"посмотрите" 0 0 0 0 0 0 0 0 0 0 0 0
"почему" 0.2 0.2 0.2 0.2 0.2 0.2 0.2 0.2 0.2 0.2 0 0
"почти" 0 0 0 0 0 0 0 0 0 0 0 0
"поэтому" 0 0 0 0 0 0.2 0.2 0.2 0.2 0.2 0.2 0.2
"появляются" 0 0 0 0 0 0 0 0.2 0.2 0.2 0.2 0.2
"примерно" 0 0 0 0 0 0 0 0 0 0 0 0
"приходится" 0 0 0 0 0 0 0 0 0 0 0 0
"происходит" 0 0 0 0 0 0 0 0 0 0 0 0
"происходящее" 0 0 0 0 0 0 0 0 0 0 0 0
"прокат" 0.2 0.2 0.2 0.2 0.2 0.2 0.2 0.2 0.2 0.2 0 0
"просмотра" 0 0 0 0.2 0.2 0.2 0.2 0.2 0.2 0.2 0.2 0.2
"пытается" 0 0 0 0 0 0 0 0 0 0 0 0
"работа" 0 0 0 0 0 0 0 0 0 0 0 0
"рассказывает" 0.2 0.2 0.2 0.2 0.2 0.2 0.2 0.2 0.2 0.2 0 0
"ребенок" 0 0.4 0.4 0.4 0.4 0.4 0.4 0.4 0.4 0.4 0.4 0
"режиссера" 0.4 0.4 0.4 0.4 0.4 0.4 0.4 0.2 0.2 0.2 0 0
"риму" 0 0 0 0 0 0 0 0 0 0 0 0
"роль" 0 0 0 0 0 0 0 0 0 0 0.2 0.2
"романа" 0 0 0 0 0 0 0 0 0 0 0 0
"рысь" 0 0 0 0 0 0 0 0 0 0 0 0
"сам" 0.2 0.2 0.2 0.2 0.2 0.2 0.2 0.2 0.2 0.2 0.2 0.2
"самом" 0 0.2 0.2 0.2 0.2 0.2 0.2 0.2 0.2 0.2 0.2 0
"своему" 0 0 0 0 0 0.2 0.2 0.2 0.2 0.2 0.2 0.2
"свои" 0 0 0 0 0 0 0 0 0 0 0 0
"своих" 0 0 0 0 0 0 0 0 0.2 0.2 0.2 0.2
"свою" 0 0 0 0 0 0 0 0 0 0 0 0
"семьи" 0 0 0 0 0 0 0 0 0 0 0 0
"серый" 0 0 0 0 0 0 0 0 0 0 0 0
"силу" 0 0 0 0 0 0 0 0 0 0 0 0
"символизм" 0 0 0 0 0 0 0 0 0 0.2 0.4 0.4
"сказать" 0 0 0 0 0 0 0 0 0.2 0.2 0.2 0.2
"следу" 0 0 0 0 0 0 0 0 0 0 0 0
"случае" 0 0 0 0 0 0 0.2 0.2 0.2 0.2 0.2 0.2
"сначала" 0 0 0 0 0 0 0 0 0 0 0 0
"снимать" 0 0 0 0 0 0 0 0 0 0 0 0.2
"со" 0 0 0 0 0 0 0 0 0 0 0 0
"совсем" 0 0 0 0 0 0 0 0 0 0 0 0
"софи" 0 0 0 0 0 0 0 0 0 0 0 0
"союз" 0 0 0 0 0 0 0 0 0 0 0 0
"способной" 0 0 0 0 0 0 0 0 0 0 0 0
"сработает" 0 0 0 0 0 0 0 0 0 0 0 0
"стать" 0 0 0 0 0 0 0 0 0 0 0 0.2
"степени" 0 0 0 0 0 0 0 0 0 0 0 0
"стоили" 0 0 0 0 0 0 0 0 0 0 0 0
"стриминг" 0 0 0 0 0 0 0 0 0 0 0 0
"супруга" 0 0 0 0 0 0 0 0 0 0 0.2 0.2
"сценарист" 0 0 0 0 0 0 0 0 0 0 0 0
"съемки" 0 0 0 0 0 0 0 0 0 0 0 0
"сьерра" 0 0 0 0 0 0 0 0 0 0 0 0
"также" 0.2 0.2 0.2 0.2 0.2 0.2 0.2 0.2 0.2 0.2 0 0
"таки" 0 0 0 0 0 0 0 0 0 0 0 0
"такого" 0 0 0 0 0 0 0 0 0 0 0.2 0.4
"такое" 0 0 0 0 0 0 0 0 0 0 0 0
"такой" 0 0 0 0 0 0 0 0 0.2 0.2 0.2 0.2
"тео" 0 0.2 0.2 0.2 0.2 0.2 0.2 0.2 0.2 0.4 0.4 0.2
"тиче" 0 0 0 0 0 0 0 0 0 0 0 0
"тогда" 0 0 0 0 0 0 0 0 0 0 0 0
"тоже" 0 0 0 0 0 0.2 0.2 0.2 0.2 0.2 0.2 0.2
"трех" 0 0 0 0 0 0 0 0 0 0 0 0
"увидеть" 0 0 0 0 0 0 0 0 0 0 0 0
"учит" 0 0 0 0 0 0 0 0 0 0 0 0
"ушла" 0 0 0 0 0 0 0 0 0 0 0 0
"фильмом" 0 0 0 0 0 0 0 0 0 0 0 0
"фильмы" 0 0 0 0 0 0 0 0 0 0 0 0
"фм" 0.2 0 0 0 0 0 0 0 0 0 0 0
"хватает" 0 0 0 0 0 0 0 0 0 0 0 0
"хотите" 0 0 0 0 0 0 0 0 0 0 0 0
"христианский" 0 0 0 0 0 0 0 0 0 0.2 0.4 0.4
"цивилизации" 0 0 0 0 0 0.2 0.2 0.2 0.2 0.2 0.2 0.2
"части" 0 0 0 0 0 0 0 0 0 0 0 0
"часть" 0.2 0.2 0.2 0.2 0.2 0.2 0.2 0.2 0.2 0.2 0 0
"чувствует" 0 0 0 0 0 0 0 0.2 0.2 0.2 0.2 0.2
"чуть" 0 0 0 0.2 0.2 0.2 0.2 0.2 0.2 0.2 0.2 0.2
"шер" 0 0 0 0 0 0 0 0 0 0 0 0
"эванс" 0 0 0 0 0 0 0 0 0 0 0 0
"энди" 0 0 0 0 0 0 0 0 0 0 0 0
"эпизодов" 0 0 0 0 0 0 0 0 0 0 0 0
"этот" 0.2 0.2 0 0 0 0 0 0 0 0.2 0.4 0.4
"cgi" 0 0 0 0 0 0 0 0 0 0 0 0
"dancing" 0 0 0 0 0 0 0 0 0 0 0 0
"iii" 0 0 0 0 0 0 0 0 0 0 0 0
"queen" 0 0 0 0 0 0 0 0 0 0 0 0
"vhs" 0 0 0 0 0 0 0 0 0 0 0 0
"xv" 0 0 0 0 0 0 0 0 0 0 0 0
"автоматически" 0 0 0 0 0 0 0 0 0 0 0 0
"азию" 0 0 0 0 0 0.2 0.2 0.2 0.2 0.2 0.2 0.2
"актерской" 0 0 0 0 0 0 0 0 0 0 0 0
"актеры" 0 0 0 0 0 0 0 0 0 0 0 0
"актрисе" 0 0 0 0 0 0 0 0 0 0 0 0
"актрисой" 0 0 0 0 0 0 0 0 0 0 0 0
"актуальный" 0 0 0 0 0 0 0 0 0 0 0 0
"аллюзии" 0 0 0 0 0 0 0 0 0 0.2 0.2 0.2
"аманда" 0 0 0 0 0 0 0 0 0 0 0 0
"американских" 0 0 0 0 0 0 0 0 0 0 0 0
"америку" 0 0 0 0 0 0 0 0 0 0 0 0
"ана" 0 0 0 0 0 0 0 0 0 0 0 0
"андрея" 0 0 0 0 0 0 0 0 0 0 0 0
"антиподу" 0 0 0 0 0 0 0 0 0 0 0 0
"антона" 0 0 0 0 0 0 0 0 0 0 0 0
"апогея" 0 0 0 0 0 0 0 0 0 0.2 0.2 0.2
"апостолу" 0 0 0 0 0 0 0 0 0 0.2 0.2 0.2
"артистами" 0 0 0 0 0 0 0 0 0 0 0 0
"артистке" 0 0 0 0 0 0 0 0 0 0 0 0
"архетипы" 0 0 0 0 0 0 0.2 0.2 0.2 0.2 0.2 0.2
"ассоциировать" 0 0 0 0 0.2 0.2 0.2 0.2 0.2 0.2 0.2 0.2
"астрономических" 0 0 0 0 0 0 0 0 0 0 0 0
"асыка" 0 0 0 0 0 0 0 0 0 0 0 0
"атомизация" 0 0 0 0 0 0 0.2 0.2 0.2 0.2 0.2 0.2
"аттракцион" 0 0 0 0 0 0 0 0 0 0 0 0
"б" 0 0 0 0 0 0 0 0 0 0 0 0
"бабой" 0 0 0 0 0 0 0 0 0 0 0 0
"бабушка" 0 0 0 0 0 0 0 0 0 0 0 0
"бабушки" 0 0 0 0 0 0 0 0 0 0 0 0
"бадди" 0 0 0 0 0 0 0 0 0 0 0 0
"барского" 0 0 0 0 0 0 0 0 0 0 0 0
"бастардов" 0 0 0 0 0 0 0 0 0 0 0 0
"баттерс" 0 0 0 0 0 0 0 0 0 0 0 0
"бега" 0 0 0 0 0 0 0 0 0 0 0 0
"бегущего" 0 0 0 0 0 0 0 0 0 0 0 0
"безмолвная" 0 0 0 0 0 0 0 0 0 0 0 0
"безнадежно" 0 0 0 0 0 0 0 0 0 0 0 0
"безоговорочно" 0 0 0 0 0 0 0 0 0 0 0 0
"безумно" 0 0 0 0 0 0 0 0 0 0 0 0
"безупречное" 0 0 0 0 0 0 0 0 0 0 0 0
"безуспешно" 0 0 0 0 0 0 0 0 0 0 0 0
"белобородов" 0 0 0 0 0 0 0 0 0 0 0 0
"белом" 0 0 0 0 0 0 0 0 0 0 0 0
"белый" 0 0 0 0 0 0 0 0 0 0 0 0
"берет" 0 0 0 0 0 0.2 0.2 0.2 0.2 0.2 0.2 0.2
"бескомпромиссное" 0 0 0 0 0 0 0 0 0 0 0 0
"бесконечности" 0 0 0 0 0 0 0 0 0 0 0 0
"бесконечные" 0 0 0 0 0 0 0 0 0 0 0 0
"библейские" 0 0 0 0 0 0 0.2 0.2 0.2 0.2 0.2 0.2
"билли" 0 0 0 0 0 0 0 0 0 0 0 0
"битва" 0 0 0 0 0 0 0 0 0 0 0 0
"битве" 0 0 0 0 0 0 0 0 0 0 0 0
"битвы" 0 0 0 0 0 0 0 0 0 0 0 0
"бледнее" 0 0 0 0 0 0 0 0 0 0 0 0
"близкий" 0 0 0 0 0 0 0 0 0 0 0 0
"близок" 0 0 0.2 0.2 0.2 0.2 0.2 0.2 0.2 0.2 0.2 0.2
"блэка" 0 0 0 0 0 0 0 0 0 0 0 0
"боб" 0 0 0 0 0 0 0 0 0 0 0 0
"богатый" 0 0 0 0 0 0 0 0 0 0 0 0
"богоматери" 0 0 0 0 0 0 0 0 0 0 0.2 0.2
"боевик" 0 0 0 0 0 0 0 0 0 0 0 0
"боевиков" 0 0 0 0 0 0 0 0 0 0 0 0
"боевом" 0 0 0 0 0 0 0 0 0 0 0 0
"бой" 0 0 0 0 0 0 0 0 0 0 0 0
"боком" 0 0 0 0 0 0 0 0 0 0 0 0
"бондарчук" 0 0 0 0 0 0 0 0 0 0 0 0
"бонусом" 0 0 0 0 0 0 0 0 0 0 0 0
"бород" 0 0 0 0 0 0 0 0 0 0 0 0
"босса" 0 0 0 0 0 0 0 0 0 0 0 0
"браво" 0 0 0 0 0 0 0 0 0 0 0 0
"брак" 0 0 0 0 0 0 0 0 0 0 0 0
"брака" 0 0 0.2 0.2 0.2 0.2 0.2 0.2 0.2 0.2 0.2 0.2
"братьев" 0 0 0 0 0 0 0 0 0 0 0 0
"британо" 0 0 0 0 0 0 0 0 0 0 0 0
"броснан" 0 0 0 0 0 0 0 0 0 0 0 0
"брошенной" 0 0 0 0 0.2 0.2 0.2 0.2 0.2 0.2 0.2 0.2
"будничную" 0 0 0 0 0 0 0 0 0 0 0 0
"будущем" 0 0 0 0 0 0 0 0 0 0 0 0
"будущий" 0 0 0 0 0 0 0 0 0 0 0 0.2
"бытовой" 0 0 0 0 0 0 0.2 0.2 0.2 0.2 0.2 0.2
"бэшек" 0 0 0 0 0 0 0 0 0 0 0 0
"бэя" 0 0 0 0 0 0 0 0 0 0 0 0
"бюджеты" 0 0 0 0 0 0 0 0 0 0 0 0
"важное" 0 0 0 0 0 0 0 0 0 0 0 0
"валентин" 0 0 0 0 0 0 0 0 0 0 0 0
"ванессы" 0 0.2 0.2 0.2 0.2 0.2 0.2 0.2 0.2 0.2 0.2 0
"варвара" 0 0 0 0 0 0 0 0 0 0 0 0
"вариант" 0 0 0 0 0 0 0 0 0 0 0 0
"варианта" 0 0 0 0 0 0 0 0 0 0 0 0
"варяг" 0 0 0 0 0 0 0 0 0 0 0 0
"вас" 0 0 0 0 0 0 0 0 0 0 0 0
"вверх" 0 0 0 0 0 0 0 0 0 0 0 0
"вдруг" 0 0 0 0 0 0 0 0 0 0 0 0
"вдумчиво" 0 0 0 0 0 0 0 0 0 0 0 0
"ведьмами" 0 0 0 0 0 0 0 0 0 0 0 0
"ведьмой" 0 0 0 0 0 0 0 0 0 0 0 0
"века" 0 0 0 0 0 0 0 0 0 0 0 0
"великий" 0 0 0 0 0 0 0 0 0 0 0 0
"великой" 0 0 0 0 0 0 0 0 0 0 0 0
"венецианский" 0 0 0 0 0 0 0 0 0 0 0 0
"венецианском" 0.4 0.2 0.2 0.2 0.2 0.2 0.2 0.2 0.2 0.2 0 0
"венеции" 0.2 0.2 0 0 0 0 0 0 0 0 0 0
"верите" 0 0 0 0 0 0 0 0 0 0 0 0
"вероятно" 0 0 0 0 0 0 0 0 0 0 0 0
"взросления" 0 0 0 0 0 0 0 0 0 0 0 0
"вид" 0 0 0 0 0 0 0 0 0 0 0 0
"видеосервиса" 0 0 0 0 0 0 0 0 0 0 0 0
"видимо" 0 0 0 0 0 0 0 0 0 0 0 0
"видно" 0 0 0 0 0.2 0.2 0.2 0.2 0.2 0.2 0.2 0.2
"викинг" 0 0 0 0 0 0 0 0 0 0 0 0
"вильнева" 0 0 0 0 0 0 0 0 0 0 0 0
"включенная" 0 0 0 0 0 0 0 0 0 0 0 0
"вконтакте" 0 0 0 0 0 0 0 0 0 0 0.2 0.2
"владения" 0 0 0 0 0 0 0 0 0 0 0 0
"властелина" 0 0 0 0 0 0 0 0 0 0 0 0
"власти" 0 0 0 0 0 0 0 0 0 0 0 0
"вменяемая" 0 0 0 0 0 0 0 0 0 0 0 0
"вместо" 0 0 0 0 0 0 0 0 0 0 0 0
"вне" 0 0 0 0 0 0 0 0 0 0 0 0
"внемлет" 0 0 0 0 0 0 0 0 0 0 0 0
"внимательны" 0 0 0 0 0 0 0 0 0 0 0.2 0.2
"вновь" 0 0 0 0 0 0 0 0 0 0 0 0
"внятная" 0 0 0 0 0 0 0 0 0 0 0 0
"вовлекает" 0 0 0 0 0 0 0 0 0 0 0 0
"вогулом" 0 0 0 0 0 0 0 0 0 0 0 0
"воеводе" 0 0 0 0 0 0 0 0 0 0 0 0
"возглавляет" 0 0 0 0 0 0 0 0 0 0 0 0
"возлюбленной" 0 0 0 0 0 0 0 0 0 0 0 0
"возможным" 0 0 0 0 0 0 0 0 0 0 0 0
"возможных" 0 0 0 0 0 0 0 0 0 0 0 0
"война" 0 0 0 0 0 0 0 0 0 0 0 0
"войне" 0 0 0 0 0 0 0 0 0 0 0 0
"войны" 0 0 0 0 0 0 0 0 0 0 0 0
"войска" 0 0 0 0 0 0 0 0 0 0 0 0
"войском" 0 0 0 0 0 0 0 0 0 0 0 0
"волшебные" 0 0 0 0 0 0 0 0 0 0 0 0
"вон" 0 0 0 0 0 0 0 0 0 0 0 0
"вооружение" 0 0 0 0 0 0.2 0.2 0.2 0.2 0.2 0.2 0.2
"вопрос" 0 0 0 0 0 0 0 0 0 0 0 0.2
"ворвется" 0 0 0 0 0 0 0 0 0 0 0 0
"воспоминания" 0 0 0 0 0 0 0 0 0 0 0 0
"воспринималась" 0 0 0 0 0 0 0 0 0 0 0 0
"впечатление" 0 0 0 0.2 0.2 0.2 0.2 0.2 0.2 0.2 0.2 0.2
"врагов" 0 0 0 0 0 0 0 0 0 0 0 0
"времена" 0 0 0 0 0 0 0 0 0 0 0 0
"вроде" 0.2 0.2 0 0 0 0 0 0 0 0 0 0
"всегда" 0 0 0 0 0 0 0 0 0 0 0 0
"всего" 0 0 0 0 0 0 0 0 0 0 0 0
"всем" 0 0 0 0 0 0 0 0 0 0 0 0
"всех" 0.2 0.2 0 0 0 0 0 0 0 0 0 0
"встает" 0 0 0 0 0 0 0 0 0 0 0 0
"встречали" 0 0 0 0 0 0 0 0 0 0 0 0
"встречающую" 0 0 0 0 0 0 0 0 0 0 0 0
"вся" 0 0 0 0 0 0 0 0 0 0 0 0
"всякое" 0 0 0 0 0 0 0 0 0 0 0 0
"вторая" 0 0 0 0 0 0 0 0 0 0 0 0
"второго" 0 0 0 0 0 0 0 0 0 0 0 0
"вторых" 0 0 0 0 0 0 0 0 0 0 0 0
"входят" 0.2 0.2 0.2 0.2 0.2 0.2 0.2 0.2 0.2 0.2 0 0
"выбрал" 0 0 0 0 0 0 0 0 0 0 0 0
"выделена" 0 0 0 0 0 0 0 0 0 0 0 0
"выделил" 0 0 0 0 0 0 0 0 0 0 0 0
"вызывает" 0 0 0 0 0 0 0 0 0 0 0 0
"выйдет" 0 0 0 0 0 0 0 0 0 0 0 0
"выйти" 0 0 0 0 0 0 0 0 0 0 0 0
"выкупила" 0 0 0 0 0 0 0 0 0 0 0 0
"вынужден" 0 0 0 0 0.2 0.2 0.2 0.2 0.2 0.2 0.2 0.2
"выполнения" 0 0 0 0 0 0 0 0 0 0 0 0
"вырос" 0 0 0 0 0 0 0 0 0 0 0 0
"выросший" 0 0 0 0 0 0 0 0 0 0 0 0
"высказыванию" 0 0 0 0 0 0 0 0 0 0 0.2 0.2
"выступил" 0 0 0 0 0 0 0 0 0 0 0 0
"выходили" 0 0 0 0 0 0 0 0 0 0 0 0
"выясняется" 0 0 0.2 0.2 0.2 0.2 0.2 0.2 0.2 0.2 0.2 0.2
"гарри" 0 0 0 0 0 0 0 0 0 0 0 0
"гениальный" 0 0 0 0 0 0 0 0 0 0 0 0
"героев" 0 0 0 0 0 0 0 0 0 0 0 0
"героем" 0 0 0 0 0.2 0.2 0.2 0.2 0.2 0.2 0.2 0.2
"герои" 0 0 0 0 0 0 0 0 0 0 0 0
"героине" 0 0 0 0 0 0 0 0 0 0 0 0
"героического" 0 0 0 0 0 0 0 0 0 0 0 0
"гильермо" 0.2 0.2 0.2 0.2 0.2 0.2 0.2 0.2 0.2 0 0 0
"главные" 0 0 0 0 0 0 0 0 0 0 0 0
"глазами" 0 0 0 0 0 0 0 0 0 0 0 0
"глазом" 0 0 0 0 0.2 0.2 0.2 0.2 0.2 0.2 0.2 0.2
"глубиной" 0 0 0 0.2 0.2 0.2 0.2 0.2 0.2 0.2 0.2 0.2
"глубоко" 0 0 0 0 0 0 0 0 0 0 0 0
"глуп" 0 0 0 0 0 0 0 0 0 0 0 0
"гляньте" 0 0 0 0 0 0 0 0 0 0 0 0
"говорим" 0 0 0 0 0 0 0 0 0 0 0 0
"говорит" 0 0 0 0 0 0 0 0 0.2 0.2 0.2 0.2
"говорить" 0 0 0 0 0 0 0.2 0.2 0.2 0.2 0.2 0.2
"говорящие" 0 0 0 0 0 0 0 0 0 0.2 0.2 0.2
"год" 0.2 0.2 0.2 0.2 0.2 0.2 0 0 0 0 0 0
"году" 0 0 0 0 0 0 0 0 0 0 0 0
"голая" 0 0 0 0 0 0 0 0 0 0 0 0
"гораздо" 0 0 0 0 0 0 0 0 0 0 0 0
"горбатов" 0 0 0 0 0 0 0 0 0 0 0 0
"гослинг" 0 0 0 0 0 0 0 0 0 0 0 0
"гослингом" 0 0 0 0 0 0 0 0 0 0 0 0
"господи" 0 0 0 0 0 0 0 0 0 0 0 0.2
"госпожу" 0 0 0 0 0 0 0 0 0 0 0 0
"гостиницы" 0 0 0 0 0 0 0 0 0 0 0 0
"государства" 0 0 0 0 0 0 0 0 0 0 0 0
"готовы" 0 0 0 0 0 0 0 0 0 0 0 0
"гравитация" 0 0 0 0 0 0 0 0 0 0 0 0
"грандиозной" 0 0 0 0 0 0 0 0 0 0 0 0
"границ" 0 0 0 0 0 0 0 0 0 0 0 0
"греции" 0 0 0 0 0 0 0 0 0 0 0 0
"греческого" 0 0 0 0 0 0 0 0 0 0 0 0
"греческом" 0 0 0 0 0 0 0 0 0 0 0 0
"группы" 0.2 0.2 0.2 0.2 0.2 0.2 0.2 0.2 0.2 0 0 0
"дайте" 0 0 0 0 0 0 0 0 0 0 0 0
"далеких" 0 0 0 0 0 0 0 0 0 0 0 0
"далекой" 0 0 0 0 0 0 0 0 0 0 0 0
"данном" 0 0 0 0 0 0 0.2 0.2 0.2 0.2 0.2 0.2
"дань" 0 0 0 0 0 0 0 0 0 0 0 0
"двести" 0 0 0 0 0 0 0 0 0 0 0 0
"движение" 0 0 0 0 0 0 0 0 0 0 0 0
"двое" 0 0 0 0 0 0 0 0 0 0 0 0
"дебютанткой" 0 0 0 0 0 0 0 0 0 0 0 0
"дебютной" 0 0 0 0.2 0.2 0.2 0.2 0.2 0.2 0.2 0.2 0.2
"девушкой" 0 0 0 0 0 0 0 0 0 0 0 0
"действия" 0 0 0 0 0 0 0 0 0 0 0 0
"действо" 0 0 0 0 0 0 0 0 0 0 0 0
"делать" 0 0 0 0 0 0 0 0 0 0 0 0
"деле" 0 0 0 0 0 0 0 0 0 0 0 0
"дело" 0 0 0 0 0 0 0 0 0 0 0 0
"дель" 0.2 0.2 0.2 0.2 0.2 0.2 0.2 0.2 0.2 0 0 0
"деменцией" 0 0 0 0 0.2 0.2 0.2 0.2 0.2 0.2 0.2 0.2
"демократичная" 0 0 0 0 0 0 0 0 0 0 0 0
"дени" 0 0 0 0 0 0 0 0 0 0 0 0
"депрессии" 0 0 0.2 0.2 0.2 0.2 0.2 0.2 0.2 0.2 0.2 0.2
"деревенская" 0 0 0 0 0 0 0 0 0 0 0 0
"дерн" 0 0 0.2 0.2 0.2 0.2 0.2 0.2 0.2 0.2 0.2 0.2
"десятой" 0 0 0 0 0 0 0.2 0.2 0.2 0.2 0.2 0.2
"детские" 0 0 0 0 0 0 0 0 0 0 0 0
"детстве" 0 0 0 0 0 0 0 0 0 0 0 0
"джеймс" 0 0 0 0 0 0 0 0 0 0 0 0
"джекман" 0 0.2 0.2 0.2 0.2 0.2 0.2 0.2 0.2 0.2 0.2 0
"джентри" 0 0 0 0 0 0 0 0 0 0 0 0
"джессики" 0 0 0 0 0 0 0 0 0 0 0 0
"джона" 0 0 0 0 0 0 0 0 0 0 0 0
"джулия" 0 0 0 0 0 0 0 0 0 0 0 0
"дилогии" 0 0 0 0 0 0 0 0 0 0 0 0
"дипломатические" 0 0 0 0 0 0 0 0 0 0 0 0
"дичь" 0 0 0 0 0 0 0 0 0 0 0 0
"дни" 0 0 0 0 0 0 0 0 0 0 0 0
"добрососедскими" 0 0 0 0 0 0 0 0 0 0 0 0
"доказал" 0 0 0 0 0 0 0 0 0 0 0 0
"должен" 0 0 0 0 0 0 0 0 0 0 0 0
"долларов" 0 0 0 0 0 0 0 0 0 0 0 0
"дом" 0 0 0 0 0 0 0 0 0 0 0 0
"дома" 0 0 0 0 0 0 0 0 0 0 0 0
"донну" 0 0 0 0 0 0 0 0 0 0 0 0
"донны" 0 0 0 0 0 0 0 0 0 0 0 0
"дорогим" 0 0 0 0 0 0 0 0 0 0 0 0
"достигнет" 0 0 0 0 0 0 0 0 0 0.2 0.2 0.2
"достоинство" 0 0 0 0 0 0 0 0 0 0 0 0
"достойная" 0 0 0 0 0 0.2 0.2 0.2 0.2 0.2 0.2 0.2
"достойному" 0 0 0 0 0 0 0 0 0 0 0.2 0.2
"дочку" 0 0 0 0 0 0 0 0 0 0 0 0
"дошкольник" 0 0 0 0 0 0 0 0 0 0 0 0
"дракона" 0 0 0 0 0 0 0 0 0 0 0 0
"драма" 0 0 0 0 0 0 0 0 0 0 0 0
"драматург" 0 0 0 0 0 0.2 0.2 0.2 0.2 0.2 0.2 0.2
"драматургии" 0 0 0 0.2 0.2 0.2 0.2 0.2 0.2 0.2 0.2 0.2
"драматургический" 0 0 0 0 0 0 0 0 0 0 0 0
"драматургия" 0 0 0 0 0 0 0 0 0 0 0 0
"драму" 0 0 0 0 0 0 0 0 0 0 0 0
"драмы" 0 0 0 0 0 0 0.2 0.2 0.2 0.2 0.2 0.2
"дрона" 0 0 0 0 0 0 0 0 0 0 0 0
"дронов" 0 0 0 0 0 0 0 0 0 0 0 0
"друга" 0 0 0 0 0 0 0 0.2 0.2 0.2 0.2 0.2
"дружеские" 0 0 0 0 0 0 0 0 0 0 0 0
"дружными" 0 0 0 0 0 0 0 0 0 0 0 0
"дух" 0 0 0 0 0 0 0 0 0 0 0 0
"дуэт" 0 0 0 0 0 0 0 0 0 0 0 0
"е" 0 0 0 0 0 0 0 0 0 0 0 0
"европейский" 0 0 0 0 0 0.2 0.2 0.2 0.2 0.2 0.2 0.2
"европейской" 0 0 0 0.2 0.2 0.2 0.2 0.2 0.2 0.2 0.2 0.2
"елена" 0 0 0 0 0 0 0 0 0 0 0 0
"ему" 0 0 0 0 0 0 0 0 0 0 0 0
"епископ" 0 0 0 0 0 0 0 0 0 0 0 0
"ербакова" 0 0 0 0 0 0 0 0 0 0 0 0
"ербаковой" 0 0 0 0 0 0 0 0 0 0 0 0
"ермолай" 0 0 0 0 0 0 0 0 0 0 0 0
"ехать" 0 0 0 0 0 0.2 0.2 0.2 0.2 0.2 0.2 0.2
"жаль" 0 0 0 0 0 0.2 0.2 0.2 0.2 0.2 0.2 0.2
"жана" 0 0 0 0 0 0 0 0 0 0 0 0
"жанр" 0.4 0.4 0.2 0.2 0.2 0.2 0.2 0.2 0 0 0 0
"жанре" 0 0 0 0 0 0 0 0 0 0 0 0
"желаете" 0 0 0 0 0 0 0 0 0 0 0 0
"желающего" 0 0 0 0 0 0 0 0 0 0 0 0
"женится" 0 0 0 0 0 0 0 0 0 0 0 0
"женщин" 0.2 0.2 0.2 0.2 0.2 0.2 0.2 0.2 0 0 0 0
"женщине" 0 0 0 0 0 0 0 0 0 0 0 0
"жестокое" 0 0 0 0 0 0 0 0 0 0 0 0
"живущие" 0 0 0 0 0 0 0 0 0 0 0 0
"живые" 0 0 0 0 0 0 0.2 0.2 0.2 0.2 0.2 0.2
"жизни" 0 0 0 0 0 0 0 0 0 0 0 0
"жизнь" 0 0 0 0 0 0 0 0 0 0 0 0
"жить" 0 0 0 0 0 0 0 0 0 0 0 0
"жюри" 0.2 0.2 0.2 0.2 0.2 0.2 0.2 0.2 0.2 0 0 0
"забудете" 0 0 0 0 0 0 0 0 0 0 0 0
"завязались" 0 0 0 0 0 0 0 0 0 0 0 0
"завязку" 0.2 0.2 0 0 0 0 0 0 0 0 0 0
"задания" 0 0 0 0 0 0 0 0 0 0 0 0
"задача" 0 0 0 0 0 0 0 0 0 0 0 0
"закат" 0 0 0 0 0 0.2 0.2 0.2 0.2 0.2 0.2 0.2
"заключают" 0 0 0 0 0 0 0 0 0 0 0 0
"заключительная" 0.2 0.2 0.2 0.2 0.2 0.2 0.2 0.2 0.2 0.2 0 0
"закона" 0 0 0 0 0 0 0 0 0 0 0 0
"замечательно" 0 0 0 0 0 0 0 0 0 0 0 0
"замечательной" 0 0 0 0 0 0 0 0 0 0 0 0
"замирает" 0 0 0 0 0 0 0 0 0 0 0 0
"замыслу" 0 0 0 0 0 0 0 0 0 0 0 0
"занавес" 0 0 0 0 0 0 0 0 0 0 0 0
"занимается" 0 0 0.2 0.2 0.2 0.2 0.2 0.2 0.2 0.2 0.2 0.2
"запад" 0 0 0 0 0 0.2 0.2 0.2 0.2 0.2 0.2 0.2
"западной" 0 0 0 0 0 0.2 0.2 0.2 0.2 0.2 0.2 0.2
"заперт" 0 0 0 0 0 0 0 0 0.2 0.2 0.2 0.2
"записано" 0 0 0 0 0 0 0 0 0 0 0 0
"запихать" 0 0 0 0 0 0 0 0 0 0 0 0
"запрещенный" 0 0 0 0 0.2 0.2 0.2 0.2 0.2 0.2 0.2 0.2
"запястьях" 0 0 0 0 0 0 0 0.2 0.2 0.2 0.2 0.2
"зарвавшемуся" 0 0 0 0 0 0 0 0 0 0 0 0
"затем" 0 0 0 0 0 0 0 0 0 0 0 0
"зато" 0 0 0 0 0 0 0 0 0 0 0 0
"захватывающее" 0 0 0 0 0 0 0 0 0 0 0 0
"захватывающий" 0 0 0 0 0.2 0.2 0.2 0.2 0.2 0.2 0.2 0.2
"звезда" 0.2 0.2 0.2 0.2 0.2 0.2 0.2 0 0 0 0 0
"звездой" 0 0 0 0.2 0.2 0.2 0.2 0.2 0.2 0.2 0.2 0.2
"звука" 0 0 0 0 0 0 0 0 0 0 0 0
"звучит" 0 0 0 0 0 0 0 0.2 0.2 0.2 0.2 0.2
"зевоту" 0 0 0 0 0 0 0 0 0 0 0 0
"зеллеровская" 0 0 0 0 0 0 0 0 0 0 0 0
"земле" 0 0 0 0 0 0 0 0 0 0 0 0
"землю" 0 0 0 0 0 0 0 0 0 0 0 0
"зен" 0 0.2 0.2 0.2 0.2 0.2 0.2 0.2 0.2 0.2 0.2 0
"зеркалящих" 0 0 0 0 0 0 0 0.2 0.2 0.2 0.2 0.2
"знает" 0 0 0 0 0 0 0 0 0 0 0 0
"знакомые" 0 0 0 0 0 0 0 0 0 0 0 0
"значимое" 0 0 0 0 0 0 0 0 0 0 0 0
"зовется" 0 0 0 0 0 0 0 0 0 0 0 0
"золотого" 0 0 0 0 0 0 0 0 0 0 0 0
"золотой" 0 0 0 0 0 0 0 0 0 0 0 0
"золушка" 0 0 0 0 0 0 0 0 0 0 0 0
"зрелищный" 0 0 0 0 0 0 0 0 0 0 0 0
"иван" 0 0 0 0 0 0 0 0 0 0 0 0
"играли" 0 0 0 0 0 0 0 0 0 0 0 0
"игры" 0 0 0 0 0 0 0 0 0 0 0 0
"идола" 0 0 0 0 0 0 0 0 0 0 0 0
"идут" 0 0 0 0 0 0 0 0 0 0 0 0
"известная" 0 0 0 0 0 0 0 0 0 0 0 0
"известно" 0 0 0 0 0 0 0 0 0 0 0 0
"известных" 0 0 0 0 0 0 0 0 0 0 0 0
"изменилось" 0 0 0 0 0 0 0 0 0 0 0 0
"изображения" 0 0 0 0 0 0 0 0 0 0 0 0
"изобретательное" 0 0 0 0 0 0 0 0 0 0 0 0
"изумительно" 0 0 0 0 0 0 0 0 0 0 0 0
"иконографически" 0 0 0 0 0 0 0 0 0 0.2 0.2 0.2
"имена" 0 0 0 0 0 0 0 0 0 0.2 0.2 0.2
"имени" 0 0 0 0 0 0 0 0 0 0 0 0
"именно" 0 0 0 0 0 0 0 0 0 0 0 0
"империализма" 0 0 0 0 0 0 0 0 0 0 0 0
"империи" 0 0 0 0 0 0 0 0 0 0 0 0
"импозантный" 0 0 0 0 0 0 0 0 0 0 0 0
"иначе" 0 0 0 0 0 0 0 0 0 0 0 0
"иноверке" 0 0 0 0 0 0 0 0 0 0 0 0
"иной" 0 0 0 0 0 0 0 0 0 0 0 0
"инфантильный" 0 0 0 0 0 0 0 0 0.2 0.2 0.2 0.2
"иными" 0 0 0 0 0 0 0 0 0 0 0 0
"иона" 0 0 0 0 0 0 0 0 0 0 0 0
"ипостаси" 0 0 0 0 0 0 0 0 0 0 0 0
"искусства" 0 0 0 0 0 0 0 0 0 0 0 0
"исполнению" 0 0 0 0 0 0 0 0 0 0 0 0
"использует" 0 0 0 0 0 0 0.2 0.2 0.2 0.2 0.2 0.2
"истории" 0 0 0 0 0 0 0 0 0 0 0 0.2
"их" 0 0 0 0 0 0 0 0 0 0 0 0
"ищешь" 0 0 0 0 0 0.2 0.2 0.2 0.2 0.2 0.2 0.2
"кавалеров" 0 0 0 0 0 0 0 0 0 0 0 0
"кадр" 0 0 0 0 0 0 0 0 0 0 0 0
"казаться" 0 0 0 0 0 0 0 0 0 0 0 0
"какой" 0 0 0 0 0 0 0 0 0 0 0 0
"капитана" 0 0 0 0 0 0 0 0 0 0 0 0
"картине" 0 0 0 0.2 0.2 0.2 0.2 0.2 0.2 0.2 0.2 0.2
"касается" 0 0 0 0 0 0 0 0.2 0.2 0.2 0.2 0.2
"катастрофа" 0 0 0 0 0 0 0 0 0 0 0 0
"катастрофу" 0 0 0 0 0 0 0 0 0 0 0 0
"качествах" 0 0 0 0 0 0 0 0 0 0 0 0
"квартета" 0 0 0 0 0 0 0 0 0 0 0 0
"кевином" 0 0 0.2 0.2 0.2 0.2 0.2 0.2 0.2 0.2 0.2 0.2
"кейт" 0 0 0.2 0.2 0.2 0.2 0.2 0.2 0.2 0.2 0.2 0.2
"кем" 0 0 0 0 0 0 0 0 0 0 0 0
"киллера" 0 0 0 0 0 0 0 0 0 0 0 0
"киллером" 0 0 0 0 0 0 0 0 0 0 0 0
"кинематографисты" 0 0 0 0 0 0 0 0 0 0 0 0
"кинофестивале" 0.6 0.4 0.2 0.2 0.2 0.2 0.2 0.2 0.2 0.2 0 0
"кинофестиваля" 0 0 0 0 0 0 0 0 0 0 0 0
"киношную" 0 0 0 0 0 0 0 0 0 0 0 0
"кирби" 0 0.2 0.2 0.2 0.2 0.2 0.2 0.2 0.2 0.2 0.2 0
"клинической" 0 0 0.2 0.2 0.2 0.2 0.2 0.2 0.2 0.2 0.2 0.2
"клэр" 0 0 0 0 0 0 0 0 0 0 0 0
"ключ" 0 0 0 0 0.2 0.2 0.2 0.2 0.2 0.2 0.2 0.2
"книги" 0 0 0 0 0 0 0 0 0 0 0 0.2
"княжит" 0 0 0 0 0 0 0 0 0 0 0 0
"князя" 0 0 0 0 0 0 0 0 0 0 0 0
"кодовое" 0 0 0 0 0 0 0 0 0 0 0 0
"колец" 0 0 0 0 0 0 0 0 0 0 0 0
"колин" 0 0 0 0 0 0 0 0 0 0 0 0
"коловрате" 0 0 0 0 0 0 0 0 0 0 0 0
"колониализма" 0 0 0 0 0 0 0 0 0 0 0 0
"колорита" 0 0 0 0 0 0 0 0 0 0 0 0
"кольца" 0 0 0 0 0 0 0 0 0 0 0 0
"конана" 0 0 0 0 0 0 0 0 0 0 0 0
"кондовые" 0 0 0 0 0 0 0 0 0 0 0 0
"копье" 0 0 0 0 0 0 0 0 0 0 0 0
"короля" 0 0 0 0 0 0 0 0 0 0 0 0
"которые" 0 0 0 0 0 0 0 0 0 0 0 0
"кравчука" 0 0 0 0 0 0 0 0 0 0 0 0
"красавицу" 0 0 0 0 0 0 0 0 0 0 0 0
"крепость" 0 0 0 0 0 0 0 0 0 0 0 0
"крестить" 0 0 0 0 0 0 0 0 0 0 0 0
"крестного" 0 0 0 0 0 0 0 0 0 0 0 0
"крещение" 0 0 0 0 0 0 0 0 0 0 0 0
"кризис" 0 0 0 0.2 0.2 0.2 0.2 0.2 0.2 0.2 0.2 0.2
"кризиса" 0 0 0 0 0 0 0 0 0 0 0 0
"кринжа" 0 0 0 0 0 0 0 0 0 0 0 0
"крис" 0 0 0 0 0 0 0 0 0 0 0 0
"кристофером" 0 0 0 0 0 0 0 0 0 0 0 0
"кровоточащие" 0 0 0 0 0 0 0 0.2 0.2 0.2 0.2 0.2
"кровью" 0 0 0 0 0 0 0 0 0 0 0 0
"круг" 0 0 0 0 0 0 0 0 0.2 0.2 0.2 0.2
"круче" 0 0 0 0 0 0 0 0 0 0 0 0
"кстати" 0 0 0 0 0 0 0 0 0 0 0 0
"кузнецова" 0 0 0 0 0 0 0 0 0 0 0 0
"курта" 0 0 0 0 0 0 0 0 0 0 0 0
"куртом" 0 0 0 0 0 0 0 0 0 0 0 0
"ламбертом" 0 0 0 0 0 0 0 0 0 0 0 0
"ламией" 0 0 0 0 0 0 0 0 0 0 0 0
"легенда" 0 0 0 0 0 0 0 0 0 0 0 0
"лежит" 0 0 0 0 0.2 0.2 0.2 0.2 0.2 0.2 0.2 0.2
"лезвию" 0 0 0 0 0 0 0 0 0 0 0 0
"летний" 0 0 0 0 0 0 0 0 0 0 0 0
"лили" 0 0 0 0 0 0 0 0 0 0 0 0
"линн" 0 0 0.2 0.2 0.2 0.2 0.2 0.2 0.2 0.2 0.2 0.2
"лирический" 0 0 0 0 0 0 0 0 0 0 0 0.2
"лице" 0 0 0 0 0 0 0 0 0 0 0 0
"лишенной" 0 0 0 0 0 0 0 0 0 0 0 0
"лишним" 0 0 0 0 0 0 0 0 0 0 0 0
"лишь" 0 0 0 0 0 0 0 0 0 0 0 0
"ловкий" 0 0 0 0 0 0 0 0 0 0 0 0.2
"лора" 0 0 0.2 0.2 0.2 0.2 0.2 0.2 0.2 0.2 0.2 0.2
"лосе" 0 0 0 0 0 0 0 0 0 0 0 0
"лучших" 0 0 0 0 0 0 0 0 0 0 0 0
"льва" 0 0 0 0 0 0 0 0 0 0 0 0
"любецки" 0 0 0 0 0 0 0 0 0 0 0 0
"любом" 0 0 0 0 0 0 0 0 0 0 0 0
"людей" 0 0 0 0 0 0 0 0 0.2 0.2 0.2 0.2
"магии" 0 0 0 0 0 0 0 0 0 0 0 0
"мажорной" 0 0 0 0 0 0 0 0 0 0 0 0
"майкла" 0 0 0 0 0 0 0 0 0 0 0 0
"макграт" 0 0.2 0.2 0.2 0.2 0.2 0.2 0.2 0.2 0.2 0.2 0
"маленького" 0 0 0 0 0 0 0 0 0 0.2 0.2 0.2
"мальчик" 0 0.2 0.2 0.2 0.2 0.2 0.2 0.2 0.2 0.2 0.2 0
"мамаша" 0 0 0 0 0 0 0 0 0 0 0 0
"маме" 0 0 0 0 0 0 0 0 0 0 0 0
"манипулятор" 0 0 0 0 0 0 0 0 0 0 0 0.2
"манипуляциями" 0 0 0 0 0 0 0 0 0 0 0 0
"манси" 0 0 0 0 0 0 0 0 0 0 0 0
"маячила" 0 0 0 0 0 0 0 0 0 0 0 0
"мебелью" 0 0 0 0 0 0 0 0 0 0 0 0
"мегердичев" 0 0 0 0 0 0 0 0 0 0 0 0
"мегердичева" 0 0 0 0 0 0 0 0 0 0 0 0
"международного" 0 0 0 0 0 0 0 0 0 0 0 0
"мексиканского" 0 0 0 0 0 0 0 0 0 0 0 0
"мексиканском" 0 0 0 0 0 0 0 0 0 0 0 0
"мексике" 0 0 0 0 0 0 0 0 0 0 0 0
"менее" 0 0 0 0 0 0 0 0 0 0 0 0
"меня" 0.4 0.2 0.2 0 0 0 0 0.2 0.2 0.2 0.2 0.2
"мертворожденное" 0 0 0 0 0 0 0 0 0 0 0 0
"мертвый" 0 0.2 0.2 0.2 0.2 0.2 0.2 0.2 0.2 0.2 0.2 0
"месседжа" 0 0 0 0 0 0 0 0 0 0 0.2 0.2
"месте" 0 0 0 0 0 0 0 0 0 0 0 0
"местное" 0 0 0 0 0 0 0 0 0 0 0 0
"метафор" 0 0 0 0 0 0 0.2 0.2 0.2 0.2 0.2 0.2
"метро" 0 0 0 0 0 0 0 0 0 0 0 0
"мехико" 0 0 0 0 0 0 0 0 0 0 0 0
"меч" 0 0 0 0 0 0 0 0 0 0 0 0
"меча" 0 0 0 0 0 0 0 0 0 0 0 0
"мечом" 0 0 0 0 0 0 0 0 0 0 0 0
"мечтающий" 0 0 0 0 0 0 0 0 0 0 0 0.2
"милена" 0 0 0 0 0 0 0 0 0 0 0 0
"миллионов" 0 0 0 0 0 0 0 0 0 0 0 0
"миллионы" 0 0 0 0 0 0 0 0 0 0 0 0
"минуте" 0 0 0 0 0 0 0.2 0.2 0.2 0.2 0.2 0.2
"мирными" 0 0 0 0 0 0 0 0 0 0 0 0
"миронов" 0 0 0 0 0 0 0 0 0 0 0 0
"михаил" 0 0 0 0 0 0 0 0 0 0 0 0
"михаила" 0 0 0 0 0 0 0 0 0 0 0 0
"михаилу" 0 0 0 0 0 0 0 0 0 0 0 0
"михан" 0 0 0 0 0 0 0 0 0 0 0 0
"младший" 0 0 0 0 0 0 0 0 0 0 0 0
"многим" 0 0 0 0 0 0 0 0 0 0 0 0
"многолюдный" 0 0 0 0 0 0 0 0 0 0 0 0
"многому" 0 0 0 0 0 0 0 0 0 0 0 0
"молодой" 0 0 0 0 0 0 0 0 0 0 0 0
"монтажа" 0 0 0 0 0 0 0 0 0 0 0 0
"москве" 0 0 0 0 0 0 0 0 0 0 0 0
"москвы" 0 0 0 0 0 0 0 0 0 0 0 0
"московиты" 0 0 0 0 0 0 0 0 0 0 0 0
"московский" 0 0 0 0 0 0 0 0 0 0 0 0
"московского" 0 0 0 0 0 0 0 0 0 0 0 0
"мстит" 0 0 0 0 0 0 0 0 0 0 0 0
"муви" 0 0 0 0 0 0 0 0 0 0 0 0
"мудростей" 0 0 0 0 0 0 0 0 0 0 0.2 0.2
"мужа" 0 0.2 0.2 0.2 0.2 0.2 0.2 0.2 0.2 0.2 0.2 0
"мужчина" 0 0 0 0 0 0 0 0 0.2 0.2 0.2 0.2
"мы" 0 0 0 0 0 0 0 0 0 0 0 0
"мэриголд" 0 0 0 0 0 0 0 0 0 0 0 0
"мюзикл" 0 0 0 0 0 0 0 0 0 0 0 0
"мюзикле" 0 0 0 0 0 0 0 0 0 0 0 0
"наблюдательница" 0 0 0 0 0 0 0 0 0 0 0 0
"наверняка" 0 0 0 0 0 0 0 0 0 0 0 0
"награды" 0.2 0.2 0.2 0.2 0.2 0.2 0.2 0.2 0.2 0.2 0 0
"надежде" 0 0 0 0 0 0 0 0 0 0 0 0
"надо" 0 0 0 0 0 0 0 0 0 0 0 0.2
"наемник" 0 0 0 0 0 0 0 0 0 0 0 0
"назад" 0 0 0 0 0 0 0 0 0 0 0 0
"называет" 0 0 0 0 0 0 0 0 0 0 0 0
"называют" 0 0.2 0.2 0.2 0.2 0.2 0.2 0.2 0.2 0.2 0.2 0
"найдет" 0 0 0 0 0 0 0 0 0 0 0 0
"найти" 0 0 0 0 0 0 0 0 0 0 0 0
"накладных" 0 0 0 0 0 0 0 0 0 0 0 0
"накручивал" 0 0 0 0 0 0 0 0 0 0 0.2 0.2
"наниматели" 0 0 0 0 0 0 0 0 0 0 0 0
"наполнивший" 0 0 0 0 0 0 0 0 0 0 0 0
"напоминающая" 0 0 0 0 0 0 0 0 0 0 0 0
"напомнить" 0 0 0 0 0 0 0 0 0 0 0 0
"народностей" 0 0 0 0 0 0 0 0 0 0 0 0
"народных" 0 0 0 0 0 0 0 0 0 0 0.2 0.2
"насадит" 0 0 0 0 0 0 0 0 0 0 0 0
"население" 0 0 0 0 0 0 0 0 0 0 0 0
"насладиться" 0 0 0 0 0 0 0 0 0 0 0 0
"наснимать" 0 0 0 0 0 0 0 0 0 0 0 0
"настала" 0 0 0 0 0 0 0 0 0 0 0 0
"настойчиво" 0 0 0 0 0 0 0 0 0 0 0 0
"настоящее" 0 0 0 0 0 0 0 0 0 0 0 0
"настоящей" 0 0 0 0 0 0 0 0 0 0 0 0
"настоящему" 0 0 0 0 0 0 0 0 0 0 0 0
"наташа" 0 0 0 0 0 0 0 0 0 0 0 0
"начале" 0 0.2 0.2 0.2 0.2 0.2 0.2 0.2 0.2 0.2 0.2 0
"начнем" 0 0 0 0 0 0 0 0 0 0 0 0
"наши" 0 0 0 0 0 0 0 0 0 0 0 0
"нашумевшей" 0 0 0 0 0 0 0 0 0 0 0 0
"небольших" 0 0 0 0 0 0 0 0 0 0 0 0
"невероятном" 0 0 0 0 0 0 0 0 0 0 0 0
"невзирая" 0 0 0 0 0 0 0 0 0 0 0 0
"невооруженным" 0 0 0 0 0.2 0.2 0.2 0.2 0.2 0.2 0.2 0.2
"неглупое" 0 0 0 0 0 0 0 0 0 0 0 0
"недавнего" 0 0 0 0 0 0 0 0 0 0 0 0
"недавних" 0 0 0 0 0 0 0 0 0 0 0 0
"недаром" 0 0 0 0 0 0 0 0 0 0 0 0
"нежно" 0 0 0 0 0 0 0 0 0 0 0 0
"неинтересно" 0 0 0 0 0 0 0 0 0 0 0 0
"некомпетентной" 0 0 0 0 0 0 0 0 0 0 0 0
"нелепый" 0 0 0 0 0 0 0 0 0 0 0 0
"немалой" 0 0 0 0 0 0 0 0 0 0 0 0
"немногое" 0 0 0 0 0 0 0 0 0 0 0 0
"нему" 0 0 0 0 0 0 0 0 0 0 0 0
"ненадежный" 0 0 0 0 0.2 0.2 0.2 0.2 0.2 0.2 0.2 0.2
"неплохой" 0 0 0 0 0 0 0 0 0 0 0 0
"непонятно" 0 0 0 0 0 0 0 0 0 0 0 0
"неприкаянный" 0 0 0 0 0 0 0 0.2 0.2 0.2 0.2 0.2
"неприятного" 0 0 0 0 0 0 0 0 0 0 0 0
"неприятной" 0 0 0 0 0 0 0 0 0 0 0 0
"непростые" 0 0 0 0 0 0 0 0 0 0 0 0
"непрофессиональной" 0 0 0 0 0 0 0 0 0 0 0 0
"неразумно" 0 0 0 0 0 0 0 0 0 0 0 0
"нервничает" 0 0 0 0 0 0 0 0 0 0 0 0
"нескольких" 0 0 0 0 0 0 0 0 0 0 0 0
"нескончаемыми" 0 0 0 0 0 0 0 0 0 0 0 0
"неслучайно" 0 0 0 0 0.2 0.2 0.2 0.2 0.2 0.2 0.2 0.2
"неснятая" 0.2 0.2 0.2 0.2 0.2 0.2 0.2 0.2 0.2 0.2 0 0
"неспособный" 0 0 0 0 0 0 0 0 0.2 0.2 0.2 0.2
"неспроста" 0 0 0 0 0 0 0 0 0 0.2 0.2 0.2
"нестерпимый" 0 0 0 0 0 0 0 0 0 0.2 0.2 0.2
"нетфликс" 0 0 0 0 0 0 0 0 0 0 0 0
"нетфликса" 0 0 0 0 0 0 0 0 0 0 0 0
"неудивительно" 0 0 0 0 0 0 0 0 0 0 0 0
"николаса" 0 0 0 0 0 0 0 0.2 0.2 0.2 0.2 0.2
"николасом" 0 0 0.2 0.2 0.2 0.2 0.2 0.2 0.2 0.2 0.2 0.2
"никто" 0 0 0 0 0 0.2 0.2 0.2 0.2 0.2 0.2 0.2
"них" 0 0 0 0 0 0 0 0 0 0 0 0
"новаторское" 0 0 0 0 0 0 0 0 0 0 0 0
"новая" 0.2 0.2 0.2 0 0 0 0 0 0 0 0 0
"новизны" 0 0 0 0 0 0 0 0 0 0 0 0
"новые" 0 0 0 0 0 0 0 0 0 0 0 0
"нон" 0 0 0 0 0 0 0 0 0 0 0 0
"нраву" 0 0 0 0 0 0 0 0 0 0 0 0
"ну" 0 0 0 0 0 0 0 0 0 0 0 0
"нужно" 0 0 0 0 0 0.2 0.2 0.2 0.2 0.2 0.2 0.2
"ныне" 0 0 0 0 0 0 0 0 0 0 0 0
"нынешней" 0 0 0 0 0 0 0 0 0 0 0 0
"няня" 0 0 0 0 0 0 0 0 0 0 0 0
"обе" 0 0 0 0 0 0 0 0 0 0 0 0
"обнажать" 0 0 0 0 0 0 0 0 0 0 0 0
"образа" 0 0 0 0 0 0 0 0 0 0 0 0
"обречены" 0 0 0 0 0 0 0 0 0.2 0.2 0.2 0.2
"обстоит" 0 0 0 0 0 0 0 0 0 0 0 0
"общем" 0 0 0 0 0 0 0 0 0 0 0 0
"общества" 0 0 0 0 0 0 0.2 0.2 0.2 0.2 0.2 0.2
"общественную" 0 0 0 0 0 0 0 0 0 0 0 0
"объединить" 0 0 0 0 0 0 0 0 0 0 0 0
"объектами" 0 0 0 0 0 0 0 0 0 0 0 0
"объявляется" 0 0 0 0 0 0 0 0 0 0 0 0
"обычно" 0 0 0 0 0 0 0 0 0 0 0 0
"овациями" 0 0 0 0 0 0 0 0 0 0 0 0
"огнем" 0 0 0 0 0 0 0 0 0 0 0 0
"огонь" 0 0 0 0 0 0 0 0 0 0 0 0
"одиночке" 0 0 0 0 0 0 0 0 0 0 0 0
"одна" 0 0 0 0 0 0 0 0 0 0 0 0
"одновременно" 0 0 0 0 0.2 0.2 0.2 0.2 0.2 0.2 0.2 0.2
"одноименного" 0.2 0 0 0 0 0 0 0 0 0 0 0
"одноименном" 0 0 0 0 0 0 0 0 0 0 0 0
"одном" 0 0 0 0 0 0 0 0 0 0 0 0
"оказываются" 0 0 0 0 0 0 0 0 0.2 0.2 0.2 0.2
"ол" 0 0 0 0 0 0 0 0 0 0 0 0
"оператор" 0 0 0 0 0 0 0 0 0 0 0 0
"операций" 0 0 0 0 0 0 0 0 0 0 0 0
"опрометчивый" 0 0 0 0 0 0 0 0 0 0 0 0
"органичная" 0 0 0 0 0 0 0 0 0 0 0 0
"оригинальный" 0 0 0 0 0 0 0 0 0 0 0 0
"освоили" 0 0 0 0 0 0 0 0 0 0 0 0
"основанного" 0 0 0 0 0 0 0 0 0 0 0 0
"основанный" 0 0 0 0 0 0 0 0 0 0 0 0
"основу" 0 0 0 0 0 0 0 0 0 0 0 0
"оставил" 0 0 0 0 0 0 0 0.2 0.2 0.2 0.2 0.2
"оставляет" 0 0 0 0 0 0 0 0 0 0 0 0.2
"оставляют" 0 0 0 0 0 0 0 0 0 0 0 0
"остальные" 0 0 0 0 0 0 0 0 0 0 0 0
"островов" 0 0 0 0 0 0 0 0 0 0 0 0
"остроумный" 0 0 0 0 0 0 0 0 0 0 0 0
"ответственность" 0 0 0 0 0 0 0 0 0.2 0.2 0.2 0.2
"отвисает" 0 0 0 0 0 0 0 0 0 0 0 0
"отдельная" 0 0 0 0 0 0 0 0 0 0.2 0.2 0.2
"отеле" 0 0 0 0 0 0 0 0 0 0 0 0
"отечественные" 0 0 0 0 0 0 0 0 0 0 0 0
"отечественных" 0 0 0 0 0 0 0 0 0 0 0 0
"открывавшая" 0 0 0 0 0 0 0 0 0 0 0 0
"открыл" 0 0 0 0 0 0 0 0 0 0 0 0
"открытии" 0 0 0 0 0 0 0 0 0 0 0 0
"открытию" 0 0 0 0 0 0 0 0 0 0 0 0
"открытый" 0 0 0 0 0 0 0 0 0 0 0 0.2
"отличающийся" 0 0 0 0.2 0.2 0.2 0.2 0.2 0.2 0.2 0.2 0.2
"отмороженный" 0 0 0 0 0 0 0 0 0 0 0 0
"отношения" 0 0 0 0 0 0 0 0 0 0 0 0
"отношениями" 0 0 0 0 0 0 0 0 0 0 0 0
"отправляет" 0 0 0 0 0 0 0 0 0 0 0 0
"отпрыска" 0 0 0 0 0 0 0 0 0 0.2 0.2 0.2
"отреставрировала" 0 0 0 0 0 0 0 0 0 0 0 0
"отречется" 0 0 0 0 0 0 0 0 0 0.2 0.2 0.2
"отстоять" 0 0 0 0 0 0 0 0 0 0 0 0
"отце" 0 0 0 0 0 0.2 0.2 0.2 0.2 0.2 0.2 0.2
"отцы" 0 0 0 0 0 0 0 0 0 0 0 0
"оценил" 0 0 0 0 0 0 0 0 0 0 0 0
"очевидного" 0 0 0 0 0 0 0 0 0 0 0.2 0.2
"очень" 0 0 0 0 0 0 0 0 0 0 0 0
"очередного" 0 0 0 0 0 0 0 0 0 0 0 0
"ошарашивающе" 0 0 0 0 0 0 0 0 0 0 0.2 0.2
"ошеломленный" 0 0 0 0 0.2 0.2 0.2 0.2 0.2 0.2 0.2 0.2
"ошибки" 0 0 0 0 0 0 0 0 0.2 0.2 0.2 0.2
"ошибку" 0 0 0 0 0 0 0 0 0 0 0 0
"пабликов" 0 0 0 0 0 0 0 0 0 0 0.2 0.2
"палец" 0 0 0 0 0 0 0 0 0 0 0.2 0.2
"папа" 0 0 0 0 0 0 0 0 0 0 0 0
"параллельно" 0 0 0 0 0 0 0 0 0 0 0 0
"париков" 0 0 0 0 0 0 0 0 0 0 0 0
"паркер" 0 0 0 0 0 0 0 0 0 0 0 0
"парней" 0 0 0 0 0 0 0 0 0 0 0 0
"пауза" 0 0 0 0 0 0 0 0 0 0 0 0
"пейджа" 0 0 0 0 0 0 0 0 0 0 0 0
"пели" 0 0 0 0 0 0 0 0 0 0 0 0
"пенсионерам" 0 0 0 0 0 0 0 0 0 0 0 0
"первая" 0 0 0 0 0 0 0 0 0 0 0 0
"первого" 0 0 0 0 0 0 0 0 0 0 0 0
"первые" 0 0 0 0 0 0 0 0 0 0 0 0
"первых" 0 0 0 0 0 0 0 0 0 0 0 0
"переводе" 0 0 0 0 0 0 0 0 0 0 0 0
"переговоры" 0 0 0 0 0 0 0 0 0 0 0 0
"переживающей" 0 0 0 0 0 0 0 0 0 0 0 0
"перенесена" 0 0 0 0 0 0 0 0 0 0 0 0
"перестают" 0 0 0 0 0 0 0 0 0 0 0 0
"перми" 0 0 0 0 0 0 0 0 0 0 0 0
"пермь" 0 0 0 0 0 0 0 0 0 0 0 0
"пермячке" 0 0 0 0 0 0 0 0 0 0 0 0
"перро" 0 0 0 0 0 0 0 0 0 0 0 0
"перспектива" 0 0 0 0 0 0 0 0 0 0 0 0
"песня" 0 0 0 0 0 0 0 0 0 0.2 0.2 0.2
"петру" 0 0 0 0 0 0 0 0 0 0.2 0.2 0.2
"пиджаке" 0 0 0 0 0 0 0 0 0 0 0 0
"пирс" 0 0 0 0 0 0 0 0 0 0 0 0
"писателем" 0 0 0 0 0 0 0 0 0 0 0 0.2
"писатель" 0 0 0 0.2 0.2 0.2 0.2 0.2 0.2 0.2 0.2 0.2
"писателя" 0.2 0.2 0.2 0.2 0.2 0.2 0.2 0.2 0.2 0.2 0 0
"писать" 0 0 0 0 0 0 0 0 0 0 0.2 0.2
"пластике" 0 0 0 0 0 0 0 0 0 0 0 0
"пластических" 0 0 0 0 0 0 0 0 0 0 0 0
"платформе" 0 0 0 0 0 0 0 0 0 0 0 0
"племена" 0 0 0 0 0 0 0 0 0 0 0 0
"племени" 0 0 0 0 0 0 0 0 0 0 0 0
"племянницу" 0 0 0 0 0 0 0 0 0 0 0 0
"плеча" 0 0 0 0 0 0 0 0 0 0 0 0
"плечом" 0 0 0 0 0 0 0 0 0 0 0 0
"плечу" 0 0 0 0 0 0 0 0 0 0 0 0
"плохими" 0 0 0 0 0 0 0 0 0 0 0 0
"плохо" 0 0 0 0 0 0 0 0 0 0 0 0
"пляшет" 0 0 0 0 0 0 0 0 0 0 0 0
"победившего" 0 0 0 0 0 0 0 0 0 0 0 0
"победить" 0 0 0 0 0 0 0 0 0 0 0 0
"побережье" 0 0 0 0 0 0 0 0 0 0 0 0
"поверхностной" 0 0 0 0 0 0 0 0 0 0 0 0
"поверьте" 0 0 0 0 0 0 0 0 0 0 0 0
"повзрослевшая" 0 0 0 0 0 0 0 0 0 0 0 0
"повстречавшись" 0 0 0 0 0 0 0 0 0 0 0 0
"повторять" 0 0 0 0 0 0 0 0 0.2 0.2 0.2 0.2
"поговорить" 0 0 0 0 0 0 0 0 0 0 0 0
"подготовку" 0 0 0 0 0 0 0 0 0 0 0 0
"подданный" 0 0 0 0 0 0 0 0 0 0 0 0
"подлинное" 0 0 0 0 0 0 0 0 0 0 0 0
"подождет" 0 0 0 0 0 0 0 0 0 0 0 0.2
"подпевали" 0 0 0 0 0 0 0 0 0 0 0 0
"подростком" 0 0 0 0 0 0 0 0 0 0 0 0
"подчас" 0 0 0 0 0 0 0 0 0 0 0 0
"поезде" 0 0 0 0 0 0 0 0 0 0 0 0
"пожалеет" 0 0 0 0 0 0 0 0 0 0 0 0
"поздно" 0 0 0 0 0 0 0 0 0 0.2 0.2 0.2
"поймать" 0 0 0 0 0 0 0 0 0 0 0 0
"пока" 0 0 0 0 0 0 0 0 0 0 0 0
"показалась" 0 0 0 0 0 0 0 0 0 0 0 0
"показали" 0.2 0 0 0 0 0 0 0 0 0 0 0
"показанный" 0.2 0.2 0.2 0.2 0.2 0.2 0.2 0.2 0.2 0.2 0 0
"показано" 0 0 0 0 0 0 0 0 0 0 0 0
"показать" 0 0 0 0 0 0 0.2 0.2 0.2 0.2 0.2 0.2
"показаться" 0 0 0 0 0 0 0 0 0 0 0 0
"показывать" 0 0 0 0 0 0 0 0 0 0 0 0
"показывают" 0 0 0 0 0 0 0 0 0 0 0 0
"поклонников" 0 0 0 0 0 0 0 0 0 0 0 0
"полноценная" 0 0 0 0 0 0 0 0 0 0 0 0
"половине" 0 0 0 0 0 0 0 0 0 0 0 0
"положивший" 0 0 0 0 0 0 0 0 0 0 0 0
"полотна" 0 0 0 0 0 0 0 0 0 0 0 0
"полу" 0 0 0 0 0 0 0 0 0 0 0 0
"получается" 0 0 0 0 0 0 0 0 0 0 0 0
"получившая" 0 0 0 0 0 0 0 0 0 0 0 0
"получил" 0 0 0 0 0 0 0 0 0 0 0 0
"получила" 0.2 0.2 0.2 0.2 0.2 0.2 0.2 0.2 0.2 0.2 0 0
"полюде" 0 0 0 0 0 0 0 0 0 0 0 0
"помощник" 0 0 0 0 0 0 0 0 0 0 0 0
"помощь" 0 0 0 0 0 0 0 0 0 0 0 0
"пониманию" 0 0 0 0 0.2 0.2 0.2 0.2 0.2 0.2 0.2 0.2
"понимать" 0 0 0 0 0 0 0 0 0 0 0 0.2
"понравилась" 0 0 0 0 0 0 0 0 0 0 0 0
"понравился" 0 0 0 0 0 0 0 0 0 0 0 0
"понятно" 0 0 0 0 0 0 0.2 0.2 0.2 0.2 0.2 0.2
"понять" 0 0 0 0.2 0.2 0.2 0.2 0.2 0.2 0.2 0.2 0.2
"поп" 0 0 0 0 0 0 0 0 0 0 0 0
"попадает" 0 0 0 0 0 0 0 0 0 0 0 0
"пор" 0 0 0 0 0 0 0 0 0 0 0 0
"пора" 0 0 0 0 0 0 0 0 0 0 0 0
"поразившего" 0 0 0 0 0 0 0 0 0 0 0 0
"порядка" 0 0 0 0 0 0 0 0 0 0 0 0
"посетовав" 0 0 0 0 0 0 0 0 0 0 0 0
"последовательно" 0 0 0 0 0 0 0 0 0 0 0 0
"посмотрел" 0 0 0 0 0 0 0 0 0 0 0 0
"посмотреть" 0 0 0 0 0 0 0 0 0 0 0 0
"поставленная" 0 0 0 0 0 0 0 0 0 0 0 0
"постановку" 0 0 0 0 0 0 0 0 0 0 0 0
"постановщика" 0 0 0 0 0 0 0 0 0 0 0 0
"постарались" 0 0 0 0 0 0 0 0 0 0 0 0
"постоянный" 0 0 0 0 0 0 0 0 0 0 0 0
"построенной" 0 0 0 0 0 0 0 0 0 0 0 0
"поступок" 0 0 0 0 0 0 0 0 0 0 0 0
"посулить" 0 0 0 0 0 0 0 0 0 0 0 0
"потасовки" 0 0 0 0 0 0 0 0 0 0 0 0
"потерявшая" 0 0 0 0 0 0 0 0 0 0 0 0
"поттера" 0 0 0 0 0 0 0 0 0 0 0 0
"похитить" 0 0 0 0 0 0 0 0 0 0 0 0
"похищает" 0 0 0 0 0 0 0 0 0 0 0 0
"пошлость" 0 0 0 0 0 0 0 0 0 0 0 0.2
"появились" 0 0 0 0 0 0 0 0 0 0 0 0
"появился" 0 0 0 0 0 0 0 0 0 0 0 0
"появится" 0 0 0 0 0 0 0 0 0 0 0 0
"появляется" 0 0.2 0.2 0.2 0.2 0.2 0.2 0.2 0.2 0.2 0.2 0
"появятся" 0 0 0 0 0 0 0 0 0 0 0 0
"правда" 0 0 0 0 0 0 0 0 0 0 0 0
"правителю" 0 0 0 0 0 0 0 0 0 0 0 0
"празднику" 0 0 0 0 0 0 0 0 0 0 0 0
"превращается" 0 0 0 0 0 0 0 0 0 0 0 0
"превращаться" 0 0 0 0 0 0 0 0 0 0 0 0
"преданности" 0 0 0 0 0 0 0 0 0 0 0 0
"предательства" 0 0 0 0 0 0 0 0 0 0 0 0
"предают" 0 0 0 0 0 0 0 0 0 0 0 0
"предприимчивость" 0 0 0 0 0 0.2 0.2 0.2 0.2 0.2 0.2 0.2
"представителями" 0 0 0 0 0 0 0 0 0 0 0 0
"представляет" 0 0 0 0 0 0 0 0 0 0 0 0
"представляется" 0 0 0 0 0 0 0 0 0 0 0 0
"предшественница" 0 0 0 0 0 0 0 0 0 0 0 0
"предыдущего" 0 0 0.2 0.2 0.2 0.2 0.2 0.2 0.2 0.2 0.2 0.2
"предыдущей" 0 0 0 0 0 0 0 0 0 0 0 0
"предыдущие" 0 0 0 0 0 0 0 0 0 0 0 0
"прежнему" 0 0 0 0 0 0 0 0 0 0 0 0
"прекрасный" 0 0 0 0 0 0 0 0 0 0 0 0
"преминет" 0 0 0 0 0 0 0 0 0.2 0.2 0.2 0.2
"премьеры" 0 0 0 0 0 0 0 0 0 0 0 0
"препирательства" 0 0 0 0 0 0 0 0 0 0 0 0
"преподать" 0 0 0 0 0 0 0 0 0 0 0 0
"престижного" 0 0 0 0 0 0 0 0 0 0 0 0
"престолов" 0 0 0 0 0 0 0 0 0 0 0 0
"претенциозностью" 0 0 0 0.2 0.2 0.2 0.2 0.2 0.2 0.2 0.2 0.2
"прибавившая" 0 0 0 0 0 0 0 0 0 0 0 0
"прививкой" 0 0 0 0 0 0 0 0 0 0 0 0
"привлекательности" 0 0 0 0 0 0 0 0 0 0 0 0
"приготовился" 0 0 0 0 0 0 0 0 0 0 0 0
"придется" 0 0 0 0 0 0 0 0 0 0 0 0
"прием" 0 0 0 0 0.2 0.2 0.2 0.2 0.2 0.2 0.2 0.2
"приема" 0 0 0 0 0.2 0.2 0.2 0.2 0.2 0.2 0.2 0.2
"призваны" 0 0 0 0 0 0 0 0 0 0 0 0
"приземленной" 0 0 0 0 0 0 0.2 0.2 0.2 0.2 0.2 0.2
"признавать" 0 0 0 0 0 0.2 0.2 0.2 0.2 0.2 0.2 0.2
"призов" 0 0 0 0 0 0 0 0 0 0 0 0
"прикоснуться" 0 0 0 0 0 0 0 0 0 0 0 0
"примерит" 0 0 0 0 0 0 0 0 0 0 0.2 0.2
"примесью" 0 0 0 0 0 0 0 0 0 0 0 0
"принципу" 0 0 0 0 0 0 0 0 0 0 0 0
"приобретение" 0 0 0 0 0 0 0 0 0 0 0 0
"приплясывали" 0 0 0 0 0 0 0 0 0 0 0 0
"природы" 0 0 0 0 0 0 0 0 0 0 0 0
"присесть" 0 0 0 0 0 0 0 0 0 0 0 0
"присмирить" 0 0 0 0 0 0 0 0 0 0 0 0
"притворяется" 0 0 0 0 0 0 0 0 0 0 0 0
"причем" 0.2 0.2 0.2 0 0 0 0 0 0 0 0 0
"приятно" 0 0 0 0 0 0 0 0 0 0 0 0
"приятной" 0 0 0 0 0 0 0 0 0 0 0 0
"приятном" 0 0 0 0 0 0 0 0 0 0 0 0
"проглатывали" 0 0 0 0 0 0 0 0 0 0 0 0
"прогнозы" 0 0 0 0 0 0 0 0 0 0 0 0
"программой" 0 0 0 0 0 0 0 0 0 0 0 0
"продолжать" 0 0 0 0 0 0 0 0 0 0 0 0
"продюсер" 0 0 0 0 0 0 0 0 0 0 0 0
"продюсеров" 0 0 0 0 0 0 0 0 0 0 0 0
"проектом" 0 0 0 0 0 0 0 0 0 0 0 0
"проживающая" 0 0 0 0 0 0 0 0 0 0 0 0
"произведение" 0 0 0 0 0 0 0 0 0 0 0 0
"произойдет" 0 0 0 0 0 0 0 0 0 0 0 0
"простакам" 0 0 0 0 0 0 0 0 0 0 0 0
"прости" 0 0 0 0 0 0 0 0 0 0 0 0.2
"простодушную" 0 0 0 0 0 0 0 0 0 0 0 0
"простому" 0 0 0 0 0 0 0 0 0 0 0.2 0.2
"простонародье" 0 0 0 0 0 0 0 0 0 0 0 0
"против" 0 0 0 0 0 0 0 0 0 0 0 0
"противостоянии" 0 0 0 0 0 0 0 0 0 0 0 0
"протоцарем" 0 0 0 0 0 0 0 0 0 0 0 0
"протянет" 0 0 0 0 0 0.2 0.2 0.2 0.2 0.2 0.2 0.2
"проходят" 0 0.2 0.2 0.2 0.2 0.2 0.2 0.2 0.2 0.2 0.2 0
"прошло" 0 0 0 0 0 0 0 0 0 0 0 0
"прошлое" 0 0 0 0 0 0 0 0 0 0 0 0
"прошлом" 0 0 0 0 0 0 0 0 0 0 0 0
"прощает" 0 0 0 0 0 0 0 0 0 0 0 0
"психопата" 0 0 0 0 0 0 0 0 0 0 0 0
"пускается" 0 0 0 0 0 0 0 0 0 0 0 0
"пускепалис" 0 0 0 0 0 0 0 0 0 0 0 0
"пустяками" 0 0 0 0 0 0 0 0 0 0 0 0
"пустяки" 0 0 0 0 0 0 0 0 0 0 0 0
"путают" 0 0 0 0 0 0 0 0 0 0 0 0
"пьесу" 0 0 0 0 0 0 0 0 0 0 0.2 0.2
"пьета" 0 0 0 0 0 0 0 0 0 0.2 0.2 0.2
"пятилетняя" 0 0 0 0 0 0 0 0 0 0 0 0
"пятнадцатой" 0 0 0 0 0 0 0.2 0.2 0.2 0.2 0.2 0.2
"пять" 0 0 0 0 0 0 0 0 0 0 0 0
"работает" 0 0 0 0 0 0 0 0 0 0 0 0
"работать" 0 0 0 0 0 0 0 0 0 0 0 0
"равно" 0 0 0 0 0 0 0 0 0 0 0 0
"равнодушия" 0 0 0 0 0 0 0 0 0 0 0 0.2
"радовались" 0 0 0 0 0 0 0 0 0 0 0 0
"радостное" 0 0 0 0 0 0 0 0 0 0 0 0
"радостью" 0 0 0 0 0 0 0 0 0 0 0 0
"раз" 0 0 0 0.2 0.2 0.2 0.2 0.2 0.2 0.2 0.2 0.2
"разворачивалось" 0 0 0 0 0 0 0 0 0 0 0 0
"разгуливающая" 0 0 0 0 0 0 0 0 0 0 0 0
"раздражение" 0 0 0 0 0 0 0 0 0 0 0 0
"раздул" 0 0 0 0 0 0 0 0 0 0 0 0
"размеров" 0 0 0 0 0 0 0 0 0 0 0 0
"размышление" 0 0 0 0 0 0 0 0 0 0 0 0
"разных" 0 0 0 0 0 0 0 0 0 0 0 0
"разобраться" 0 0 0 0 0 0 0 0 0 0 0 0
"разу" 0 0 0 0 0 0 0 0 0 0 0 0
"разумеется" 0 0 0 0 0 0 0 0 0 0.2 0.2 0.2
"разумным" 0 0 0 0 0 0 0 0 0 0 0 0
"райан" 0 0 0 0 0 0 0 0 0 0 0 0
"района" 0 0 0 0 0 0 0 0 0 0 0 0
"рамзи" 0 0 0.2 0.2 0.2 0.2 0.2 0.2 0.2 0.2 0.2 0.2
"раны" 0 0 0 0 0 0 0 0.2 0.2 0.2 0.2 0.2
"раскается" 0 0 0 0 0 0 0 0 0 0.2 0.2 0.2
"распаду" 0 0 0 0 0 0 0.2 0.2 0.2 0.2 0.2 0.2
"расплатиться" 0 0 0 0 0 0 0 0 0 0 0 0
"распоряжение" 0 0 0 0 0 0 0 0 0 0 0 0
"рассказ" 0 0 0 0 0 0 0 0 0 0 0 0
"рассказчик" 0 0 0 0 0.2 0.2 0.2 0.2 0.2 0.2 0.2 0.2
"рассказываем" 0 0 0 0 0 0 0 0 0 0 0 0
"расточительность" 0 0 0 0 0 0 0 0 0 0 0 0
"растроган" 0 0 0 0 0 0 0 0 0 0 0 0
"расчету" 0 0 0 0 0 0 0 0 0 0 0 0
"реалистический" 0 0 0 0 0 0 0 0 0 0 0 0
"реборн" 0 0 0 0 0 0 0 0 0 0 0 0
"реванш" 0 0 0 0 0 0 0 0 0 0 0 0
"редко" 0 0 0 0 0 0 0 0 0 0 0 0
"реже" 0 0 0 0 0 0 0 0 0 0 0 0
"режиссеров" 0 0 0 0 0 0 0 0 0 0 0 0
"режиссерскими" 0 0 0 0 0 0 0 0 0 0 0 0
"режиссурой" 0 0 0 0 0 0 0 0 0 0 0 0
"режиссуру" 0 0 0 0 0 0 0 0 0 0 0 0
"религиозных" 0 0 0 0 0 0 0.2 0.2 0.2 0.2 0.2 0.2
"ремонта" 0 0 0 0 0 0 0 0 0 0 0 0
"рефреном" 0 0 0 0 0 0 0 0.2 0.2 0.2 0.2 0.2
"речь" 0 0 0 0 0 0 0 0 0 0 0 0
"решает" 0 0 0 0 0 0 0 0 0 0 0 0
"рима" 0 0 0 0 0 0 0 0 0 0 0 0
"риме" 0 0 0 0 0 0 0 0 0 0 0 0
"рисковать" 0 0 0 0 0 0.2 0.2 0.2 0.2 0.2 0.2 0.2
"риторика" 0 0 0 0 0 0.2 0.2 0.2 0.2 0.2 0.2 0.2
"ровесник" 0 0 0 0 0 0 0 0 0 0 0 0
"родившей" 0 0 0 0 0 0 0 0 0 0 0 0
"родины" 0 0 0 0 0 0 0 0 0 0 0 0
"родной" 0 0 0 0 0 0 0 0 0 0 0 0
"родных" 0 0 0 0 0 0 0 0.2 0.2 0.2 0.2 0.2
"роды" 0 0.2 0.2 0.2 0.2 0.2 0.2 0.2 0.2 0.2 0.2 0
"рождался" 0 0.2 0.2 0.2 0.2 0.2 0.2 0.2 0.2 0.2 0.2 0
"роли" 0.4 0.4 0.4 0.4 0.4 0.4 0.2 0 0 0 0 0
"рома" 0 0 0 0 0 0 0 0 0 0 0 0
"роман" 0 0 0 0 0 0 0 0 0 0 0 0
"романтический" 0 0 0 0 0 0 0 0 0 0 0 0
"россии" 0 0 0 0 0 0 0 0 0 0 0 0
"российский" 0.2 0.2 0.2 0.2 0.2 0.2 0.2 0.2 0.2 0.2 0 0
"российской" 0 0 0 0 0 0.2 0.2 0.2 0.2 0.2 0.2 0.2
"ростова" 0 0 0 0 0 0 0 0 0 0 0 0
"рук" 0 0 0 0 0 0 0 0 0 0 0 0
"руси" 0 0 0 0 0 0 0 0 0 0 0 0
"русским" 0 0 0 0 0 0 0 0 0 0 0 0
"русского" 0 0 0 0 0 0 0 0 0 0 0 0
"руссо" 0 0 0 0 0 0 0 0 0 0 0 0
"самая" 0 0 0 0 0 0 0 0 0 0 0 0
"сами" 0 0 0 0 0 0 0 0 0 0 0 0
"самого" 0 0 0 0 0 0 0 0 0 0 0 0
"самое" 0 0 0 0 0 0 0 0.2 0.2 0.2 0.2 0.2
"самой" 0 0 0 0 0 0 0 0 0 0 0 0
"самоубийству" 0 0 0.2 0.2 0.2 0.2 0.2 0.2 0.2 0.2 0.2 0.2
"самым" 0 0 0 0 0 0 0 0 0 0 0 0
"свет" 0 0.2 0.2 0.2 0.2 0.2 0.2 0.2 0.2 0.2 0.2 0
"светят" 0.2 0.2 0.2 0.2 0.2 0.2 0.2 0.2 0.2 0.2 0 0
"свободных" 0 0 0 0 0 0 0 0 0 0 0 0
"сводится" 0 0 0 0 0 0 0 0 0 0 0.2 0.2
"своей" 0.2 0.2 0.2 0.2 0.2 0.2 0.2 0 0 0 0 0
"своим" 0.4 0.2 0.2 0 0 0 0 0 0 0 0 0
"свойства" 0 0 0 0 0 0 0 0 0 0 0 0
"святыню" 0 0 0 0 0 0 0 0 0 0 0 0
"сдаются" 0 0 0 0 0 0 0 0 0 0 0 0
"сделал" 0.2 0 0 0 0 0 0 0 0 0 0 0
"сделало" 0 0 0 0 0 0 0 0 0 0 0 0
"сделан" 0.2 0.2 0.2 0.2 0 0 0 0 0 0 0 0
"североуральское" 0 0 0 0 0 0 0 0 0 0 0 0
"североуральской" 0 0 0 0 0 0 0 0 0 0 0 0
"сейфрид" 0 0 0 0 0 0 0 0 0 0 0 0
"секретной" 0 0 0 0 0 0 0 0 0 0 0 0
"селфхармом" 0 0 0.2 0.2 0.2 0.2 0.2 0.2 0.2 0.2 0.2 0.2
"семейных" 0 0 0 0 0 0 0.2 0.2 0.2 0.2 0.2 0.2
"семейства" 0 0 0 0 0 0 0 0 0 0 0 0
"сентиментального" 0 0 0 0 0 0 0 0 0 0 0 0
"сепаратистский" 0 0 0 0 0 0 0 0 0 0 0 0
"сергей" 0 0 0 0 0 0 0 0 0 0 0 0
"сериал" 0 0 0 0 0 0 0 0 0 0 0 0
"серий" 0 0 0 0 0 0 0 0 0 0 0 0
"серого" 0.2 0.2 0.2 0.2 0.2 0.2 0.2 0 0 0 0 0
"сером" 0 0 0 0 0 0 0 0 0 0 0 0
"серьезные" 0.2 0.2 0.2 0.2 0.2 0.2 0.2 0.2 0.2 0.2 0 0
"сиквеле" 0 0 0 0 0 0 0 0 0 0 0 0
"сила" 0 0 0 0 0 0 0 0 0 0 0 0
"сильнее" 0 0 0 0 0 0 0 0 0 0 0 0
"сильно" 0 0 0 0 0 0 0 0 0 0 0 0
"синефилам" 0 0 0 0 0 0 0 0 0 0 0 0
"систему" 0 0 0 0 0 0 0.2 0.2 0.2 0.2 0.2 0.2
"ситуацию" 0 0 0 0 0 0 0 0 0 0 0 0
"ситуация" 0 0 0 0.2 0.2 0.2 0.2 0.2 0.2 0.2 0.2 0.2
"сих" 0 0 0 0 0 0 0 0 0 0 0 0
"сияющая" 0 0 0 0 0 0 0 0 0 0 0 0
"скажем" 0 0 0 0 0 0 0 0 0 0 0 0
"сказки" 0 0 0 0 0 0 0 0 0 0 0 0
"скарсгард" 0 0 0 0 0 0 0 0 0 0 0 0
"скиф" 0 0 0 0 0 0 0 0 0 0 0 0
"складывается" 0 0 0 0.2 0.2 0.2 0.2 0.2 0.2 0.2 0.2 0.2
"сколько" 0 0 0 0 0 0 0 0 0 0 0.2 0.2
"скоростном" 0 0 0 0 0 0 0 0 0 0 0 0
"скорую" 0 0 0 0 0 0 0 0 0 0 0 0
"скотиной" 0 0 0 0 0 0 0 0 0.2 0.2 0.2 0.2
"скучать" 0 0 0 0 0 0 0 0 0 0 0 0
"скучно" 0 0 0 0 0 0 0.2 0.2 0.2 0.2 0.2 0.2
"славных" 0 0 0 0 0 0 0 0 0 0 0 0
"сладкой" 0 0 0 0 0 0 0 0 0 0 0 0
"следы" 0 0 0 0 0 0 0 0 0 0 0 0
"слишком" 0 0 0 0 0 0 0 0 0 0 0 0
"словами" 0 0 0 0 0 0 0 0 0 0 0 0
"сложена" 0 0 0 0 0 0 0 0 0 0 0 0
"сложнее" 0 0 0 0.2 0.2 0.2 0.2 0.2 0.2 0.2 0.2 0.2
"сложно" 0 0 0 0 0 0 0 0 0 0 0 0
"служанка" 0 0 0 0 0 0 0 0 0 0 0 0
"службе" 0 0 0 0 0 0 0 0 0 0 0 0
"смелость" 0 0 0 0 0 0.2 0.2 0.2 0.2 0.2 0.2 0.2
"сменит" 0 0 0 0 0 0 0 0 0 0 0 0
"смерть" 0 0 0 0 0 0 0 0 0 0 0 0.2
"смысле" 0 0 0 0 0 0 0 0 0 0 0 0
"снимались" 0 0 0 0 0 0 0 0 0 0 0 0
"снимающие" 0 0 0 0 0 0 0 0 0 0 0 0
"сноу" 0 0 0 0 0 0 0 0 0 0 0 0
"снявший" 0 0 0 0 0 0 0 0 0 0 0 0
"снято" 0 0 0 0 0 0 0 0 0 0 0 0
"снять" 0 0 0 0 0 0 0 0 0 0 0 0
"собирает" 0 0 0 0 0 0 0 0 0 0 0 0
"собой" 0 0 0 0 0 0 0 0 0 0 0 0
"собственно" 0 0 0 0 0 0 0 0 0 0 0 0
"собственном" 0 0 0 0 0 0 0 0 0 0 0 0
"собственный" 0 0 0 0 0 0 0 0 0 0 0 0
"совершает" 0 0 0 0 0 0 0 0 0 0 0 0
"современная" 0.2 0.2 0.2 0.2 0.2 0.2 0.4 0.4 0.2 0.2 0.2 0.2
"современной" 0 0 0 0 0 0 0 0 0 0 0 0
"современных" 0 0 0 0 0 0 0 0 0 0 0 0
"соглашается" 0 0 0.2 0.2 0.2 0.2 0.2 0.2 0.2 0.2 0.2 0.2
"создаваемой" 0 0 0 0 0 0 0 0 0 0 0 0
"создателя" 0 0 0 0 0 0 0 0 0 0 0 0
"солнечное" 0 0 0 0 0 0 0 0 0 0 0 0
"соратник" 0 0 0 0 0 0 0 0 0 0 0 0
"сорокаминутная" 0 0 0 0 0 0 0 0 0 0 0 0
"состоянии" 0 0 0 0 0 0 0 0 0 0 0 0.2
"сотни" 0 0 0 0 0 0 0 0 0 0 0 0
"сотому" 0 0 0 0 0 0 0 0 0 0 0 0
"софронова" 0 0 0 0 0 0 0 0 0 0 0 0
"спасти" 0 0 0 0 0 0 0 0 0 0 0 0
"спектакль" 0 0 0 0 0 0 0 0 0 0 0 0.2
"спели" 0 0 0 0 0 0 0 0 0 0 0 0
"спецэффекты" 0 0 0 0 0 0 0 0 0 0 0 0
"спортивная" 0 0 0 0 0 0 0 0 0 0 0 0
"спортивный" 0 0 0 0 0 0 0 0 0 0 0 0
"спрятаться" 0 0 0 0 0.2 0.2 0.2 0.2 0.2 0.2 0.2 0.2
"сражение" 0 0 0 0 0 0 0 0 0 0 0 0
"сражении" 0 0 0 0 0 0 0 0 0 0 0 0
"сражения" 0 0 0 0 0 0 0 0 0 0 0 0
"среди" 0 0 0 0 0 0 0 0.2 0.2 0.2 0.2 0.2
"ставить" 0 0 0 0 0 0 0 0 0 0 0.2 0.2
"стал" 0 0 0 0.2 0.2 0.2 0.2 0.2 0.2 0.2 0.2 0.2
"становится" 0 0 0 0.2 0.2 0.2 0.2 0.2 0.2 0.2 0.2 0.2
"становление" 0 0 0 0 0 0 0 0 0 0 0 0
"старик" 0 0 0 0 0.2 0.2 0.2 0.2 0.2 0.2 0.2 0.2
"старшего" 0 0 0 0 0 0 0 0 0 0.2 0.2 0.2
"старший" 0 0 0 0 0 0 0 0 0 0 0 0
"стеллан" 0 0 0 0 0 0 0 0 0 0 0 0
"стигматы" 0 0 0 0 0 0 0 0.2 0.2 0.2 0.2 0.2
"стойкость" 0 0 0 0 0 0 0 0 0 0 0 0
"столько" 0 0 0 0 0 0 0 0 0 0 0 0
"стоп" 0 0 0 0 0 0 0 0 0 0 0 0
"страдает" 0 0 0.2 0.2 0.2 0.2 0.2 0.2 0.2 0.2 0.2 0.2
"страдающий" 0 0 0 0 0.2 0.2 0.2 0.2 0.2 0.2 0.2 0.2
"студентами" 0 0 0 0 0 0 0 0 0 0 0 0
"сугубо" 0 0 0 0 0 0 0 0 0 0 0 0
"судьбах" 0 0 0 0 0 0 0 0 0 0 0 0
"суету" 0 0 0 0 0 0 0 0 0 0 0 0
"сути" 0 0 0 0 0 0 0 0 0 0 0 0
"схваткой" 0 0 0 0 0 0 0 0 0 0 0 0
"схематичный" 0 0 0 0 0 0 0 0 0 0 0 0
"сходите" 0 0 0 0 0 0 0 0 0 0 0 0
"сцена" 0 0 0 0 0 0 0 0 0 0 0 0
"сценария" 0 0 0 0 0 0 0 0 0 0 0 0
"сценическом" 0 0 0 0 0 0 0 0 0 0 0 0
"считают" 0 0 0 0 0 0 0 0 0 0 0 0
"сыгранная" 0 0 0 0 0 0 0 0 0 0 0 0
"сыграть" 0 0 0 0 0 0 0 0 0 0 0 0
"сыне" 0 0 0 0 0.2 0.2 0.2 0.2 0.2 0.2 0.2 0.2
"сыновья" 0 0 0 0 0 0 0 0 0.2 0.2 0.2 0.2
"сюжетный" 0 0 0 0 0 0 0 0 0 0 0 0
"сюжету" 0 0 0 0 0 0 0 0 0 0 0 0
"такая" 0.2 0.2 0.2 0.2 0.2 0.2 0.2 0.2 0.2 0 0 0
"такие" 0 0 0 0 0 0 0 0 0 0 0 0
"таких" 0 0 0 0 0 0 0 0 0 0 0 0
"таланта" 0 0 0 0 0 0 0 0 0 0 0 0
"талантливая" 0.2 0.2 0.2 0.2 0.2 0.2 0 0 0 0 0 0
"там" 0 0 0 0 0.2 0.2 0.2 0.2 0.2 0.2 0.2 0.2
"танцевали" 0 0 0 0 0 0 0 0 0 0 0 0
"татарином" 0 0 0 0 0 0 0 0 0 0 0 0
"тащить" 0 0 0 0 0 0 0 0 0 0 0 0
"творят" 0 0 0 0 0 0 0 0 0 0 0 0
"те" 0 0 0 0 0 0 0 0 0 0 0 0
"тезке" 0 0 0 0 0 0 0 0 0 0.2 0.2 0.2
"теле" 0 0 0 0 0 0 0 0 0.2 0.2 0.2 0.2
"телепропаганды" 0 0 0 0 0 0.2 0.2 0.2 0.2 0.2 0.2 0.2
"темный" 0 0 0 0 0 0 0 0 0 0 0 0
"темы" 0 0 0 0 0 0 0 0 0 0 0 0
"тенью" 0 0 0 0 0 0 0 0 0 0 0 0
"территории" 0 0 0 0 0 0 0 0 0 0 0 0
"технически" 0 0 0 0 0 0 0 0 0 0 0 0
"тичерте" 0 0 0 0 0 0 0 0 0 0 0 0
"ткачев" 0.2 0.2 0.2 0.2 0.2 0.2 0.2 0.2 0.2 0.2 0 0
"той" 0 0 0 0 0 0 0 0 0 0 0 0
"токсичного" 0 0 0 0 0 0 0 0 0 0 0 0
"толстого" 0 0 0 0 0 0 0 0 0 0 0 0
"тому" 0 0 0 0 0 0 0 0 0 0 0 0
"топчется" 0 0 0 0 0 0 0 0 0 0 0 0
"торнтон" 0 0 0 0 0 0 0 0 0 0 0 0
"торо" 0.2 0.2 0.2 0.2 0.2 0.2 0.2 0.2 0.2 0.2 0 0
"торопится" 0 0 0 0 0 0 0 0 0 0 0 0
"точнее" 0 0 0 0 0 0 0 0 0 0 0 0
"традициях" 0 0 0 0 0 0 0 0 0 0 0 0
"трамвае" 0 0 0 0 0 0 0 0 0 0 0 0
"треть" 0 0 0 0 0 0 0 0 0 0 0 0
"третьей" 0 0 0 0 0 0 0 0 0 0 0 0
"третьих" 0 0 0 0 0 0 0 0 0 0 0 0
"трижды" 0 0 0 0 0 0 0 0 0 0.2 0.2 0.2
"трилогии" 0.4 0.4 0.4 0.4 0.4 0.4 0.4 0.2 0.2 0.2 0 0
"туда" 0 0 0 0 0 0 0 0 0 0 0 0
"тупого" 0 0 0 0 0 0 0 0 0 0 0 0.2
"ты" 0 0 0 0 0 0 0 0.2 0.2 0.2 0.2 0.2
"убедитесь" 0 0 0 0 0 0 0 0 0 0 0 0
"убрать" 0 0 0 0 0 0 0 0 0 0 0 0
"уверенности" 0 0 0 0 0 0 0 0 0 0 0 0
"увлекательной" 0.2 0.2 0.2 0.2 0.2 0.2 0.2 0.2 0 0 0 0
"уговорили" 0 0 0 0 0 0 0 0 0 0 0 0
"угодно" 0 0 0 0 0 0 0 0 0 0 0 0
"удастся" 0 0 0 0 0 0 0 0 0 0 0 0
"удивит" 0 0 0 0 0 0 0 0 0 0 0 0
"удивительнее" 0 0 0 0 0 0.2 0.2 0.2 0.2 0.2 0.2 0.2
"удивительную" 0 0 0 0 0 0 0 0 0 0 0 0
"удивлены" 0 0 0 0 0 0 0 0 0 0 0 0
"уж" 0 0 0 0 0 0 0 0 0 0 0 0
"уз" 0 0 0 0 0 0 0.2 0.2 0.2 0.2 0.2 0.2
"уменьшилась" 0 0 0 0 0 0 0 0 0 0 0 0
"умеренного" 0 0 0 0 0 0 0 0 0 0 0 0
"умеют" 0 0 0 0 0 0 0 0 0 0 0 0
"уподобится" 0 0 0 0 0 0 0 0 0 0.2 0.2 0.2
"урок" 0 0 0 0 0 0 0 0 0 0 0 0
"урокам" 0 0 0 0 0 0 0 0 0 0 0 0
"условный" 0 0 0 0 0 0 0 0 0 0 0 0
"успешно" 0 0.2 0.2 0.2 0.2 0.2 0.2 0.2 0.2 0.2 0.2 0
"устроенное" 0 0 0 0 0 0 0 0 0 0 0 0
"устроилась" 0 0 0 0 0 0 0 0 0 0 0 0
"участие" 0 0 0 0 0 0 0 0 0 0 0 0
"ушами" 0 0 0 0 0 0 0 0 0 0 0 0
"фабулы" 0 0 0 0 0 0 0 0 0 0 0 0
"фаворит" 0 0 0 0 0 0 0 0 0 0 0 0
"фантастический" 0 0 0 0 0 0 0 0 0 0 0 0
"фарс" 0 0 0 0 0 0 0 0 0 0 0 0
"федор" 0 0 0 0 0 0 0 0 0 0 0 0
"феминизма" 0.2 0.2 0.2 0.2 0.2 0.2 0.2 0.2 0 0 0 0
"феминистка" 0 0 0 0 0 0 0 0 0 0 0 0
"феминистками" 0 0 0 0 0 0 0 0 0 0 0 0
"ферт" 0 0 0 0 0 0 0 0 0 0 0 0
"фестивале" 0 0 0 0 0 0 0 0 0 0 0 0
"фестиваль" 0 0 0 0 0 0 0 0 0 0 0 0
"фестиваля" 0 0 0 0 0 0 0 0 0 0 0 0
"фестивалях" 0 0 0 0 0 0 0 0 0 0 0 0
"филлиды" 0 0 0 0 0 0 0 0 0 0 0 0
"фильмах" 0.2 0.2 0.2 0.2 0.2 0.2 0.2 0 0 0 0 0
"фильме" 0.2 0.2 0.2 0.2 0.2 0 0 0 0 0 0 0
"фильму" 0 0 0 0 0 0 0 0 0 0 0 0
"финал" 0 0 0 0 0 0 0 0 0 0 0 0
"финале" 0 0 0 0 0 0 0 0 0 0.2 0.2 0.2
"финальная" 0 0 0 0 0 0 0 0 0 0 0 0
"флешка" 0 0 0 0 0 0 0 0 0 0 0 0
"флориан" 0 0 0 0.2 0.2 0.2 0.2 0.2 0.2 0.2 0.2 0.2
"флориана" 0.2 0.2 0.2 0.2 0.2 0.2 0.2 0.2 0.2 0.2 0 0
"флэшбеках" 0 0 0 0 0 0 0 0 0 0 0 0
"фоне" 0.2 0.2 0.2 0.2 0.2 0.2 0 0 0 0 0 0
"формалистского" 0 0 0 0 0.2 0.2 0.2 0.2 0.2 0.2 0.2 0.2
"фрагментов" 0.2 0.2 0.2 0.2 0.2 0.2 0.2 0.2 0.2 0.2 0 0
"фраза" 0 0 0 0 0 0 0 0.2 0.2 0.2 0.2 0.2
"фразе" 0 0 0 0 0.2 0.2 0.2 0.2 0.2 0.2 0.2 0.2
"французский" 0 0 0 0.2 0.2 0.2 0.2 0.2 0.2 0.2 0.2 0.2
"х" 0 0 0 0 0 0 0 0 0 0 0 0
"хана" 0 0 0 0 0 0 0 0 0 0 0 0
"хаос" 0 0 0 0 0 0 0 0 0 0 0 0
"харизме" 0 0 0 0 0 0 0 0 0 0 0 0
"хенвик" 0 0 0 0 0 0 0 0 0 0 0 0
"хиты" 0 0 0 0 0 0 0 0 0 0 0 0
"хопкинса" 0 0 0 0 0.2 0.2 0.2 0.2 0.2 0.2 0.2 0.2
"хором" 0 0 0 0 0 0 0 0 0 0 0 0
"хорошего" 0 0 0 0 0 0 0 0 0 0 0 0
"хорошие" 0 0 0 0 0 0 0 0 0 0 0 0
"хоть" 0 0 0 0 0 0 0 0 0 0 0 0
"храброго" 0 0 0 0 0 0 0 0 0 0 0 0
"христа" 0 0 0 0 0 0 0 0 0 0 0.2 0.2
"христианства" 0 0 0 0 0 0 0 0 0 0 0 0
"хромакейного" 0 0 0 0 0 0 0 0 0 0 0 0
"хромакейный" 0 0 0 0 0 0 0 0 0 0 0 0
"художник" 0 0 0 0 0 0 0.2 0.2 0.2 0.2 0.2 0.2
"художника" 0 0 0 0 0 0 0 0 0 0 0 0
"хью" 0 0.2 0.2 0.2 0.2 0.2 0.2 0.2 0.2 0.2 0.2 0
"цветной" 0 0 0 0 0 0 0 0 0 0 0 0
"цзин" 0 0 0 0 0 0 0 0 0 0 0 0
"цру" 0 0 0 0 0 0 0 0 0 0 0 0
"цээрушница" 0 0 0 0 0 0 0 0 0 0 0 0
"час" 0 0 0 0 0 0 0 0 0 0 0 0
"частности" 0 0 0 0 0 0 0 0 0 0 0 0
"чего" 0 0 0 0 0 0 0 0.2 0.2 0.2 0.2 0.2
"человека" 0 0 0 0 0 0 0 0 0 0 0 0
"человеке" 0 0 0 0 0 0 0 0 0 0 0 0
"челюсть" 0 0 0 0 0 0 0 0 0 0 0 0
"челябинскую" 0 0 0 0 0 0 0 0 0 0 0 0
"черно" 0 0 0 0 0 0 0 0 0 0 0 0
"четверо" 0 0 0 0 0 0 0 0 0 0 0 0
"числе" 0 0 0 0 0 0 0 0 0 0 0 0
"чистый" 0 0 0 0 0 0 0 0 0 0 0 0
"читавшие" 0 0 0 0 0 0 0 0 0 0 0 0
"чудовищный" 0 0 0 0 0 0 0 0 0 0 0 0
"чужим" 0 0 0 0 0 0 0 0.2 0.2 0.2 0.2 0.2
"чьими" 0 0 0 0 0 0 0 0 0 0 0 0
"шведская" 0 0 0 0 0 0 0 0 0 0 0 0
"шведского" 0 0 0 0 0 0 0 0 0 0 0 0
"шведской" 0 0 0 0 0 0 0 0 0 0 0 0
"шедевра" 0 0 0.2 0.2 0.2 0.2 0.2 0.2 0.2 0.2 0.2 0.2
"шейна" 0 0 0 0 0 0 0 0 0 0 0 0
"шестого" 0 0 0 0 0 0 0 0 0 0 0 0
"шестой" 0 0 0 0 0 0 0 0 0 0 0 0
"шесть" 0 0 0 0 0 0 0 0 0 0 0 0
"школе" 0 0 0.2 0.2 0.2 0.2 0.2 0.2 0.2 0.2 0.2 0.2
"шубу" 0 0 0 0 0 0 0 0 0 0 0 0
"щедрость" 0 0 0 0 0 0 0 0 0 0 0 0
"эванса" 0 0 0 0 0 0 0 0 0 0 0 0
"экранизаций" 0 0 0 0 0 0 0 0 0 0 0 0
"экранизацию" 0 0 0 0 0 0 0 0 0 0 0 0
"экранизация" 0.2 0.2 0.2 0.2 0.2 0.2 0.2 0.2 0.2 0.2 0 0
"экраны" 0 0 0 0 0 0 0 0 0 0 0 0
"экспозицию" 0 0 0 0 0 0 0 0 0 0 0 0
"экшен" 0 0 0 0 0 0 0 0 0 0 0 0
"экшена" 0 0 0 0 0 0 0 0 0 0 0 0
"элитным" 0 0 0 0 0 0 0 0 0 0 0 0
"эммануэль" 0 0 0 0 0 0 0 0 0 0 0 0
"энергию" 0 0 0 0 0 0.2 0.2 0.2 0.2 0.2 0.2 0.2
"эпичные" 0 0 0 0 0 0 0 0 0 0 0 0
"эпохи" 0 0 0 0 0 0 0 0 0 0 0 0
"эти" 0 0 0 0 0 0 0 0 0 0 0 0
"этих" 0 0 0 0 0 0 0 0 0 0 0 0
"этого" 0 0 0 0 0 0 0 0 0 0 0 0
"эту" 0 0 0 0 0 0 0 0 0 0 0 0
"эшелона" 0 0 0 0 0 0 0 0 0 0 0 0
"юной" 0 0 0 0 0 0 0 0 0 0 0 0
"юному" 0 0 0 0 0 0 0 0 0 0 0 0
"юноша" 0 0 0 0 0 0 0 0.2 0.2 0.2 0.2 0.2
"юную" 0 0 0 0 0 0 0 0 0 0 0 0
"являющаяся" 0 0 0 0 0 0 0 0 0 0 0 0
"языке" 0 0 0 0 0 0 0.2 0.2 0.2 0.2 0.2 0.2
"языческую" 0 0 0 0 0 0 0 0 0 0 0 0
"язычества" 0 0 0 0 0 0 0 0 0 0 0 0
"ярослав" 0 0 0 0 0 0 0 0 0 0 0 0
